                -15.4912                -14.2822                     -15                       0             1.58222e-05
                -15.4912                -14.2822                      -9                       0             0.000366594
                -15.4912                -14.2822                      -3                       0              2.9467e-05
                -15.4912                -8.28215                     -15                       0             2.89983e-05
                -15.4912                -8.28215                      -9                       0             0.000152457
                -15.4912                -8.28215                      -3                       0               0.0867773
                -15.4912                -2.28215                     -15                       0              0.00130592
                -15.4912                -2.28215                      -9                       0             1.54567e-05
                -15.4912                -2.28215                      -3                       0             1.75735e-06
                -9.49122                -14.2822                     -15                       0             6.80488e-07
                -9.49122                -14.2822                      -9                       0              1.2982e-06
                -9.49122                -14.2822                      -3                       0             1.06356e-08
                -9.49122                -8.28215                     -15                       0             7.99793e-07
                -9.49122                -8.28215                      -9                       0             1.25087e-05
                -9.49122                -8.28215                      -3                       0             1.92569e-05
                -9.49122                -2.28215                     -15                       0             0.000108159
                -9.49122                -2.28215                      -9                       0               0.0056778
                -9.49122                -2.28215                      -3                       0             6.85794e-06
                -3.49122                -14.2822                     -15                       0              0.00277458
                -3.49122                -14.2822                      -9                       0             8.63622e-06
                -3.49122                -14.2822                      -3                       0              1.5961e-07
                -3.49122                -8.28215                     -15                       0             4.10663e-06
                -3.49122                -8.28215                      -9                       0               0.0162253
                -3.49122                -8.28215                      -3                       0             5.33092e-06
                -3.49122                -2.28215                     -15                       0             2.42701e-06
                -3.49122                -2.28215                      -9                       0             5.50599e-07
                -3.49122                -2.28215                      -3                       0              0.00179628
                -15.4912                -14.2822                       3                       0             1.58222e-05
                -15.4912                -14.2822                       9                       0             0.000366594
                -15.4912                -14.2822                      15                       0              2.9467e-05
                -15.4912                -8.28215                       3                       0             2.89983e-05
                -15.4912                -8.28215                       9                       0             0.000152457
                -15.4912                -8.28215                      15                       0               0.0867773
                -15.4912                -2.28215                       3                       0              0.00130592
                -15.4912                -2.28215                       9                       0             1.54567e-05
                -15.4912                -2.28215                      15                       0             1.75735e-06
                -9.49122                -14.2822                       3                       0             6.80488e-07
                -9.49122                -14.2822                       9                       0              1.2982e-06
                -9.49122                -14.2822                      15                       0             1.06356e-08
                -9.49122                -8.28215                       3                       0             7.99793e-07
                -9.49122                -8.28215                       9                       0             1.25087e-05
                -9.49122                -8.28215                      15                       0             1.92569e-05
                -9.49122                -2.28215                       3                       0             0.000108159
                -9.49122                -2.28215                       9                       0               0.0056778
                -9.49122                -2.28215                      15                       0             6.85794e-06
                -3.49122                -14.2822                       3                       0              0.00277458
                -3.49122                -14.2822                       9                       0             8.63622e-06
                -3.49122                -14.2822                      15                       0              1.5961e-07
                -3.49122                -8.28215                       3                       0             4.10663e-06
                -3.49122                -8.28215                       9                       0               0.0162253
                -3.49122                -8.28215                      15                       0             5.33092e-06
                -3.49122                -2.28215                       3                       0             2.42701e-06
                -3.49122                -2.28215                       9                       0             5.50599e-07
                -3.49122                -2.28215                      15                       0              0.00179628
                -15.4912                  3.7178                     -15                       0             1.58222e-05
                -15.4912                  3.7178                      -9                       0             0.000366594
                -15.4912                  3.7178                      -3                       0              2.9467e-05
                -15.4912                 9.71785                     -15                       0             2.89983e-05
                -15.4912                 9.71785                      -9                       0             0.000152457
                -15.4912                 9.71785                      -3                       0               0.0867773
                -15.4912                 15.7179                     -15                       0              0.00130592
                -15.4912                 15.7179                      -9                       0             1.54567e-05
                -15.4912                 15.7179                      -3                       0             1.75735e-06
                -9.49122                  3.7178                     -15                       0             6.80488e-07
                -9.49122                  3.7178                      -9                       0              1.2982e-06
                -9.49122                  3.7178                      -3                       0             1.06356e-08
                -9.49122                 9.71785                     -15                       0             7.99793e-07
                -9.49122                 9.71785                      -9                       0             1.25087e-05
                -9.49122                 9.71785                      -3                       0             1.92569e-05
                -9.49122                 15.7179                     -15                       0             0.000108159
                -9.49122                 15.7179                      -9                       0               0.0056778
                -9.49122                 15.7179                      -3                       0             6.85794e-06
                -3.49122                  3.7178                     -15                       0              0.00277458
                -3.49122                  3.7178                      -9                       0             8.63622e-06
                -3.49122                  3.7178                      -3                       0              1.5961e-07
                -3.49122                 9.71785                     -15                       0             4.10663e-06
                -3.49122                 9.71785                      -9                       0               0.0162253
                -3.49122                 9.71785                      -3                       0             5.33092e-06
                -3.49122                 15.7179                     -15                       0             2.42701e-06
                -3.49122                 15.7179                      -9                       0             5.50599e-07
                -3.49122                 15.7179                      -3                       0              0.00179628
                -15.4912                  3.7178                       3                       0             1.58222e-05
                -15.4912                  3.7178                       9                       0             0.000366594
                -15.4912                  3.7178                      15                       0              2.9467e-05
                -15.4912                 9.71785                       3                       0             2.89983e-05
                -15.4912                 9.71785                       9                       0             0.000152457
                -15.4912                 9.71785                      15                       0               0.0867773
                -15.4912                 15.7179                       3                       0              0.00130592
                -15.4912                 15.7179                       9                       0             1.54567e-05
                -15.4912                 15.7179                      15                       0             1.75735e-06
                -9.49122                  3.7178                       3                       0             6.80488e-07
                -9.49122                  3.7178                       9                       0              1.2982e-06
                -9.49122                  3.7178                      15                       0             1.06356e-08
                -9.49122                 9.71785                       3                       0             7.99793e-07
                -9.49122                 9.71785                       9                       0             1.25087e-05
                -9.49122                 9.71785                      15                       0             1.92569e-05
                -9.49122                 15.7179                       3                       0             0.000108159
                -9.49122                 15.7179                       9                       0               0.0056778
                -9.49122                 15.7179                      15                       0             6.85794e-06
                -3.49122                  3.7178                       3                       0              0.00277458
                -3.49122                  3.7178                       9                       0             8.63622e-06
                -3.49122                  3.7178                      15                       0              1.5961e-07
                -3.49122                 9.71785                       3                       0             4.10663e-06
                -3.49122                 9.71785                       9                       0               0.0162253
                -3.49122                 9.71785                      15                       0             5.33092e-06
                -3.49122                 15.7179                       3                       0             2.42701e-06
                -3.49122                 15.7179                       9                       0             5.50599e-07
                -3.49122                 15.7179                      15                       0              0.00179628
                  2.5088                -14.2822                     -15                       0             1.58222e-05
                  2.5088                -14.2822                      -9                       0             0.000366594
                  2.5088                -14.2822                      -3                       0              2.9467e-05
                  2.5088                -8.28215                     -15                       0             2.89983e-05
                  2.5088                -8.28215                      -9                       0             0.000152457
                  2.5088                -8.28215                      -3                       0               0.0867773
                  2.5088                -2.28215                     -15                       0              0.00130592
                  2.5088                -2.28215                      -9                       0             1.54567e-05
                  2.5088                -2.28215                      -3                       0             1.75735e-06
                 8.50878                -14.2822                     -15                       0             6.80488e-07
                 8.50878                -14.2822                      -9                       0              1.2982e-06
                 8.50878                -14.2822                      -3                       0             1.06356e-08
                 8.50878                -8.28215                     -15                       0             7.99793e-07
                 8.50878                -8.28215                      -9                       0             1.25087e-05
                 8.50878                -8.28215                      -3                       0             1.92569e-05
                 8.50878                -2.28215                     -15                       0             0.000108159
                 8.50878                -2.28215                      -9                       0               0.0056778
                 8.50878                -2.28215                      -3                       0             6.85794e-06
                 14.5088                -14.2822                     -15                       0              0.00277458
                 14.5088                -14.2822                      -9                       0             8.63622e-06
                 14.5088                -14.2822                      -3                       0              1.5961e-07
                 14.5088                -8.28215                     -15                       0             4.10663e-06
                 14.5088                -8.28215                      -9                       0               0.0162253
                 14.5088                -8.28215                      -3                       0             5.33092e-06
                 14.5088                -2.28215                     -15                       0             2.42701e-06
                 14.5088                -2.28215                      -9                       0             5.50599e-07
                 14.5088                -2.28215                      -3                       0              0.00179628
                  2.5088                -14.2822                       3                       0             1.58222e-05
                  2.5088                -14.2822                       9                       0             0.000366594
                  2.5088                -14.2822                      15                       0              2.9467e-05
                  2.5088                -8.28215                       3                       0             2.89983e-05
                  2.5088                -8.28215                       9                       0             0.000152457
                  2.5088                -8.28215                      15                       0               0.0867773
                  2.5088                -2.28215                       3                       0              0.00130592
                  2.5088                -2.28215                       9                       0             1.54567e-05
                  2.5088                -2.28215                      15                       0             1.75735e-06
                 8.50878                -14.2822                       3                       0             6.80488e-07
                 8.50878                -14.2822                       9                       0              1.2982e-06
                 8.50878                -14.2822                      15                       0             1.06356e-08
                 8.50878                -8.28215                       3                       0             7.99793e-07
                 8.50878                -8.28215                       9                       0             1.25087e-05
                 8.50878                -8.28215                      15                       0             1.92569e-05
                 8.50878                -2.28215                       3                       0             0.000108159
                 8.50878                -2.28215                       9                       0               0.0056778
                 8.50878                -2.28215                      15                       0             6.85794e-06
                 14.5088                -14.2822                       3                       0              0.00277458
                 14.5088                -14.2822                       9                       0             8.63622e-06
                 14.5088                -14.2822                      15                       0              1.5961e-07
                 14.5088                -8.28215                       3                       0             4.10663e-06
                 14.5088                -8.28215                       9                       0               0.0162253
                 14.5088                -8.28215                      15                       0             5.33092e-06
                 14.5088                -2.28215                       3                       0             2.42701e-06
                 14.5088                -2.28215                       9                       0             5.50599e-07
                 14.5088                -2.28215                      15                       0              0.00179628
                  2.5088                  3.7178                     -15                       0             1.58222e-05
                  2.5088                  3.7178                      -9                       0             0.000366594
                  2.5088                  3.7178                      -3                       0              2.9467e-05
                  2.5088                 9.71785                     -15                       0             2.89983e-05
                  2.5088                 9.71785                      -9                       0             0.000152457
                  2.5088                 9.71785                      -3                       0               0.0867773
                  2.5088                 15.7179                     -15                       0              0.00130592
                  2.5088                 15.7179                      -9                       0             1.54567e-05
                  2.5088                 15.7179                      -3                       0             1.75735e-06
                 8.50878                  3.7178                     -15                       0             6.80488e-07
                 8.50878                  3.7178                      -9                       0              1.2982e-06
                 8.50878                  3.7178                      -3                       0             1.06356e-08
                 8.50878                 9.71785                     -15                       0             7.99793e-07
                 8.50878                 9.71785                      -9                       0             1.25087e-05
                 8.50878                 9.71785                      -3                       0             1.92569e-05
                 8.50878                 15.7179                     -15                       0             0.000108159
                 8.50878                 15.7179                      -9                       0               0.0056778
                 8.50878                 15.7179                      -3                       0             6.85794e-06
                 14.5088                  3.7178                     -15                       0              0.00277458
                 14.5088                  3.7178                      -9                       0             8.63622e-06
                 14.5088                  3.7178                      -3                       0              1.5961e-07
                 14.5088                 9.71785                     -15                       0             4.10663e-06
                 14.5088                 9.71785                      -9                       0               0.0162253
                 14.5088                 9.71785                      -3                       0             5.33092e-06
                 14.5088                 15.7179                     -15                       0             2.42701e-06
                 14.5088                 15.7179                      -9                       0             5.50599e-07
                 14.5088                 15.7179                      -3                       0              0.00179628
                  2.5088                  3.7178                       3                       0             1.58222e-05
                  2.5088                  3.7178                       9                       0             0.000366594
                  2.5088                  3.7178                      15                       0              2.9467e-05
                  2.5088                 9.71785                       3                       0             2.89983e-05
                  2.5088                 9.71785                       9                       0             0.000152457
                  2.5088                 9.71785                      15                       0               0.0867773
                  2.5088                 15.7179                       3                       0              0.00130592
                  2.5088                 15.7179                       9                       0             1.54567e-05
                  2.5088                 15.7179                      15                       0             1.75735e-06
                 8.50878                  3.7178                       3                       0             6.80488e-07
                 8.50878                  3.7178                       9                       0              1.2982e-06
                 8.50878                  3.7178                      15                       0             1.06356e-08
                 8.50878                 9.71785                       3                       0             7.99793e-07
                 8.50878                 9.71785                       9                       0             1.25087e-05
                 8.50878                 9.71785                      15                       0             1.92569e-05
                 8.50878                 15.7179                       3                       0             0.000108159
                 8.50878                 15.7179                       9                       0               0.0056778
                 8.50878                 15.7179                      15                       0             6.85794e-06
                 14.5088                  3.7178                       3                       0              0.00277458
                 14.5088                  3.7178                       9                       0             8.63622e-06
                 14.5088                  3.7178                      15                       0              1.5961e-07
                 14.5088                 9.71785                       3                       0             4.10663e-06
                 14.5088                 9.71785                       9                       0               0.0162253
                 14.5088                 9.71785                      15                       0             5.33092e-06
                 14.5088                 15.7179                       3                       0             2.42701e-06
                 14.5088                 15.7179                       9                       0             5.50599e-07
                 14.5088                 15.7179                      15                       0              0.00179628
                -15.4912                -14.2822                     -15                       1             3.78787e-07
                -15.4912                -14.2822                      -9                       1             4.06017e-07
                -15.4912                -14.2822                      -3                       1              0.00046188
                -15.4912                -8.28215                     -15                       1             3.32058e-06
                -15.4912                -8.28215                      -9                       1             5.53771e-05
                -15.4912                -8.28215                      -3                       1             0.000107881
                -15.4912                -2.28215                     -15                       1             0.000521414
                -15.4912                -2.28215                      -9                       1             6.88751e-06
                -15.4912                -2.28215                      -3                       1              0.00394056
                -9.49122                -14.2822                     -15                       1             8.23359e-10
                -9.49122                -14.2822                      -9                       1             3.43003e-06
                -9.49122                -14.2822                      -3                       1             3.13982e-05
                -9.49122                -8.28215                     -15                       1             2.41966e-05
                -9.49122                -8.28215                      -9                       1             1.84515e-06
                -9.49122                -8.28215                      -3                       1             0.000707869
                -9.49122                -2.28215                     -15                       1              1.3874e-06
                -9.49122                -2.28215                      -9                       1             0.000568181
                -9.49122                -2.28215                      -3                       1             0.000338128
                -3.49122                -14.2822                     -15                       1             3.07046e-05
                -3.49122                -14.2822                      -9                       1              0.00222693
                -3.49122                -14.2822                      -3                       1             1.55144e-05
                -3.49122                -8.28215                     -15                       1             3.35783e-05
                -3.49122                -8.28215                      -9                       1             2.44971e-05
                -3.49122                -8.28215                      -3                       1              7.5611e-06
                -3.49122                -2.28215                     -15                       1             5.28453e-08
                -3.49122                -2.28215                      -9                       1             0.000549158
                -3.49122                -2.28215                      -3                       1             1.48758e-07
                -15.4912                -14.2822                       3                       1             3.78787e-07
                -15.4912                -14.2822                       9                       1             4.06017e-07
                -15.4912                -14.2822                      15                       1              0.00046188
                -15.4912                -8.28215                       3                       1             3.32058e-06
                -15.4912                -8.28215                       9                       1             5.53771e-05
                -15.4912                -8.28215                      15                       1             0.000107881
                -15.4912                -2.28215                       3                       1             0.000521414
                -15.4912                -2.28215                       9                       1             6.88751e-06
                -15.4912                -2.28215                      15                       1              0.00394056
                -9.49122                -14.2822                       3                       1             8.23359e-10
                -9.49122                -14.2822                       9                       1             3.43003e-06
                -9.49122                -14.2822                      15                       1             3.13982e-05
                -9.49122                -8.28215                       3                       1             2.41966e-05
                -9.49122                -8.28215                       9                       1             1.84515e-06
                -9.49122                -8.28215                      15                       1             0.000707869
                -9.49122                -2.28215                       3                       1              1.3874e-06
                -9.49122                -2.28215                       9                       1             0.000568181
                -9.49122                -2.28215                      15                       1             0.000338128
                -3.49122                -14.2822                       3                       1             3.07046e-05
                -3.49122                -14.2822                       9                       1              0.00222693
                -3.49122                -14.2822                      15                       1             1.55144e-05
                -3.49122                -8.28215                       3                       1             3.35783e-05
                -3.49122                -8.28215                       9                       1             2.44971e-05
                -3.49122                -8.28215                      15                       1              7.5611e-06
                -3.49122                -2.28215                       3                       1             5.28453e-08
                -3.49122                -2.28215                       9                       1             0.000549158
                -3.49122                -2.28215                      15                       1             1.48758e-07
                -15.4912                  3.7178                     -15                       1             3.78787e-07
                -15.4912                  3.7178                      -9                       1             4.06017e-07
                -15.4912                  3.7178                      -3                       1              0.00046188
                -15.4912                 9.71785                     -15                       1             3.32058e-06
                -15.4912                 9.71785                      -9                       1             5.53771e-05
                -15.4912                 9.71785                      -3                       1             0.000107881
                -15.4912                 15.7179                     -15                       1             0.000521414
                -15.4912                 15.7179                      -9                       1             6.88751e-06
                -15.4912                 15.7179                      -3                       1              0.00394056
                -9.49122                  3.7178                     -15                       1             8.23359e-10
                -9.49122                  3.7178                      -9                       1             3.43003e-06
                -9.49122                  3.7178                      -3                       1             3.13982e-05
                -9.49122                 9.71785                     -15                       1             2.41966e-05
                -9.49122                 9.71785                      -9                       1             1.84515e-06
                -9.49122                 9.71785                      -3                       1             0.000707869
                -9.49122                 15.7179                     -15                       1              1.3874e-06
                -9.49122                 15.7179                      -9                       1             0.000568181
                -9.49122                 15.7179                      -3                       1             0.000338128
                -3.49122                  3.7178                     -15                       1             3.07046e-05
                -3.49122                  3.7178                      -9                       1              0.00222693
                -3.49122                  3.7178                      -3                       1             1.55144e-05
                -3.49122                 9.71785                     -15                       1             3.35783e-05
                -3.49122                 9.71785                      -9                       1             2.44971e-05
                -3.49122                 9.71785                      -3                       1              7.5611e-06
                -3.49122                 15.7179                     -15                       1             5.28453e-08
                -3.49122                 15.7179                      -9                       1             0.000549158
                -3.49122                 15.7179                      -3                       1             1.48758e-07
                -15.4912                  3.7178                       3                       1             3.78787e-07
                -15.4912                  3.7178                       9                       1             4.06017e-07
                -15.4912                  3.7178                      15                       1              0.00046188
                -15.4912                 9.71785                       3                       1             3.32058e-06
                -15.4912                 9.71785                       9                       1             5.53771e-05
                -15.4912                 9.71785                      15                       1             0.000107881
                -15.4912                 15.7179                       3                       1             0.000521414
                -15.4912                 15.7179                       9                       1             6.88751e-06
                -15.4912                 15.7179                      15                       1              0.00394056
                -9.49122                  3.7178                       3                       1             8.23359e-10
                -9.49122                  3.7178                       9                       1             3.43003e-06
                -9.49122                  3.7178                      15                       1             3.13982e-05
                -9.49122                 9.71785                       3                       1             2.41966e-05
                -9.49122                 9.71785                       9                       1             1.84515e-06
                -9.49122                 9.71785                      15                       1             0.000707869
                -9.49122                 15.7179                       3                       1              1.3874e-06
                -9.49122                 15.7179                       9                       1             0.000568181
                -9.49122                 15.7179                      15                       1             0.000338128
                -3.49122                  3.7178                       3                       1             3.07046e-05
                -3.49122                  3.7178                       9                       1              0.00222693
                -3.49122                  3.7178                      15                       1             1.55144e-05
                -3.49122                 9.71785                       3                       1             3.35783e-05
                -3.49122                 9.71785                       9                       1             2.44971e-05
                -3.49122                 9.71785                      15                       1              7.5611e-06
                -3.49122                 15.7179                       3                       1             5.28453e-08
                -3.49122                 15.7179                       9                       1             0.000549158
                -3.49122                 15.7179                      15                       1             1.48758e-07
                  2.5088                -14.2822                     -15                       1             3.78787e-07
                  2.5088                -14.2822                      -9                       1             4.06017e-07
                  2.5088                -14.2822                      -3                       1              0.00046188
                  2.5088                -8.28215                     -15                       1             3.32058e-06
                  2.5088                -8.28215                      -9                       1             5.53771e-05
                  2.5088                -8.28215                      -3                       1             0.000107881
                  2.5088                -2.28215                     -15                       1             0.000521414
                  2.5088                -2.28215                      -9                       1             6.88751e-06
                  2.5088                -2.28215                      -3                       1              0.00394056
                 8.50878                -14.2822                     -15                       1             8.23359e-10
                 8.50878                -14.2822                      -9                       1             3.43003e-06
                 8.50878                -14.2822                      -3                       1             3.13982e-05
                 8.50878                -8.28215                     -15                       1             2.41966e-05
                 8.50878                -8.28215                      -9                       1             1.84515e-06
                 8.50878                -8.28215                      -3                       1             0.000707869
                 8.50878                -2.28215                     -15                       1              1.3874e-06
                 8.50878                -2.28215                      -9                       1             0.000568181
                 8.50878                -2.28215                      -3                       1             0.000338128
                 14.5088                -14.2822                     -15                       1             3.07046e-05
                 14.5088                -14.2822                      -9                       1              0.00222693
                 14.5088                -14.2822                      -3                       1             1.55144e-05
                 14.5088                -8.28215                     -15                       1             3.35783e-05
                 14.5088                -8.28215                      -9                       1             2.44971e-05
                 14.5088                -8.28215                      -3                       1              7.5611e-06
                 14.5088                -2.28215                     -15                       1             5.28453e-08
                 14.5088                -2.28215                      -9                       1             0.000549158
                 14.5088                -2.28215                      -3                       1             1.48758e-07
                  2.5088                -14.2822                       3                       1             3.78787e-07
                  2.5088                -14.2822                       9                       1             4.06017e-07
                  2.5088                -14.2822                      15                       1              0.00046188
                  2.5088                -8.28215                       3                       1             3.32058e-06
                  2.5088                -8.28215                       9                       1             5.53771e-05
                  2.5088                -8.28215                      15                       1             0.000107881
                  2.5088                -2.28215                       3                       1             0.000521414
                  2.5088                -2.28215                       9                       1             6.88751e-06
                  2.5088                -2.28215                      15                       1              0.00394056
                 8.50878                -14.2822                       3                       1             8.23359e-10
                 8.50878                -14.2822                       9                       1             3.43003e-06
                 8.50878                -14.2822                      15                       1             3.13982e-05
                 8.50878                -8.28215                       3                       1             2.41966e-05
                 8.50878                -8.28215                       9                       1             1.84515e-06
                 8.50878                -8.28215                      15                       1             0.000707869
                 8.50878                -2.28215                       3                       1              1.3874e-06
                 8.50878                -2.28215                       9                       1             0.000568181
                 8.50878                -2.28215                      15                       1             0.000338128
                 14.5088                -14.2822                       3                       1             3.07046e-05
                 14.5088                -14.2822                       9                       1              0.00222693
                 14.5088                -14.2822                      15                       1             1.55144e-05
                 14.5088                -8.28215                       3                       1             3.35783e-05
                 14.5088                -8.28215                       9                       1             2.44971e-05
                 14.5088                -8.28215                      15                       1              7.5611e-06
                 14.5088                -2.28215                       3                       1             5.28453e-08
                 14.5088                -2.28215                       9                       1             0.000549158
                 14.5088                -2.28215                      15                       1             1.48758e-07
                  2.5088                  3.7178                     -15                       1             3.78787e-07
                  2.5088                  3.7178                      -9                       1             4.06017e-07
                  2.5088                  3.7178                      -3                       1              0.00046188
                  2.5088                 9.71785                     -15                       1             3.32058e-06
                  2.5088                 9.71785                      -9                       1             5.53771e-05
                  2.5088                 9.71785                      -3                       1             0.000107881
                  2.5088                 15.7179                     -15                       1             0.000521414
                  2.5088                 15.7179                      -9                       1             6.88751e-06
                  2.5088                 15.7179                      -3                       1              0.00394056
                 8.50878                  3.7178                     -15                       1             8.23359e-10
                 8.50878                  3.7178                      -9                       1             3.43003e-06
                 8.50878                  3.7178                      -3                       1             3.13982e-05
                 8.50878                 9.71785                     -15                       1             2.41966e-05
                 8.50878                 9.71785                      -9                       1             1.84515e-06
                 8.50878                 9.71785                      -3                       1             0.000707869
                 8.50878                 15.7179                     -15                       1              1.3874e-06
                 8.50878                 15.7179                      -9                       1             0.000568181
                 8.50878                 15.7179                      -3                       1             0.000338128
                 14.5088                  3.7178                     -15                       1             3.07046e-05
                 14.5088                  3.7178                      -9                       1              0.00222693
                 14.5088                  3.7178                      -3                       1             1.55144e-05
                 14.5088                 9.71785                     -15                       1             3.35783e-05
                 14.5088                 9.71785                      -9                       1             2.44971e-05
                 14.5088                 9.71785                      -3                       1              7.5611e-06
                 14.5088                 15.7179                     -15                       1             5.28453e-08
                 14.5088                 15.7179                      -9                       1             0.000549158
                 14.5088                 15.7179                      -3                       1             1.48758e-07
                  2.5088                  3.7178                       3                       1             3.78787e-07
                  2.5088                  3.7178                       9                       1             4.06017e-07
                  2.5088                  3.7178                      15                       1              0.00046188
                  2.5088                 9.71785                       3                       1             3.32058e-06
                  2.5088                 9.71785                       9                       1             5.53771e-05
                  2.5088                 9.71785                      15                       1             0.000107881
                  2.5088                 15.7179                       3                       1             0.000521414
                  2.5088                 15.7179                       9                       1             6.88751e-06
                  2.5088                 15.7179                      15                       1              0.00394056
                 8.50878                  3.7178                       3                       1             8.23359e-10
                 8.50878                  3.7178                       9                       1             3.43003e-06
                 8.50878                  3.7178                      15                       1             3.13982e-05
                 8.50878                 9.71785                       3                       1             2.41966e-05
                 8.50878                 9.71785                       9                       1             1.84515e-06
                 8.50878                 9.71785                      15                       1             0.000707869
                 8.50878                 15.7179                       3                       1              1.3874e-06
                 8.50878                 15.7179                       9                       1             0.000568181
                 8.50878                 15.7179                      15                       1             0.000338128
                 14.5088                  3.7178                       3                       1             3.07046e-05
                 14.5088                  3.7178                       9                       1              0.00222693
                 14.5088                  3.7178                      15                       1             1.55144e-05
                 14.5088                 9.71785                       3                       1             3.35783e-05
                 14.5088                 9.71785                       9                       1             2.44971e-05
                 14.5088                 9.71785                      15                       1              7.5611e-06
                 14.5088                 15.7179                       3                       1             5.28453e-08
                 14.5088                 15.7179                       9                       1             0.000549158
                 14.5088                 15.7179                      15                       1             1.48758e-07
