                -15.4912                -14.2822                     -15                       0             1.58479e-05
                -15.4912                -14.2822                      -9                       0             0.000349165
                -15.4912                -14.2822                      -3                       0             2.91171e-05
                -15.4912                -8.28215                     -15                       0             2.90308e-05
                -15.4912                -8.28215                      -9                       0             0.000148442
                -15.4912                -8.28215                      -3                       0               0.0867355
                -15.4912                -2.28215                     -15                       0              0.00132597
                -15.4912                -2.28215                      -9                       0             1.53897e-05
                -15.4912                -2.28215                      -3                       0             1.79359e-06
                -9.49122                -14.2822                     -15                       0             6.81956e-07
                -9.49122                -14.2822                      -9                       0             1.27905e-06
                -9.49122                -14.2822                      -3                       0             1.04168e-08
                -9.49122                -8.28215                     -15                       0             8.03397e-07
                -9.49122                -8.28215                      -9                       0             1.23691e-05
                -9.49122                -8.28215                      -3                       0             1.88522e-05
                -9.49122                -2.28215                     -15                       0             0.000107762
                -9.49122                -2.28215                      -9                       0                0.005796
                -9.49122                -2.28215                      -3                       0             6.95943e-06
                -3.49122                -14.2822                     -15                       0              0.00277534
                -3.49122                -14.2822                      -9                       0             8.38099e-06
                -3.49122                -14.2822                      -3                       0             1.58761e-07
                -3.49122                -8.28215                     -15                       0             4.12016e-06
                -3.49122                -8.28215                      -9                       0               0.0160684
                -3.49122                -8.28215                      -3                       0              5.2991e-06
                -3.49122                -2.28215                     -15                       0             2.44069e-06
                -3.49122                -2.28215                      -9                       0              5.5005e-07
                -3.49122                -2.28215                      -3                       0              0.00186004
                -15.4912                -14.2822                       3                       0             1.58479e-05
                -15.4912                -14.2822                       9                       0             0.000349165
                -15.4912                -14.2822                      15                       0             2.91171e-05
                -15.4912                -8.28215                       3                       0             2.90308e-05
                -15.4912                -8.28215                       9                       0             0.000148442
                -15.4912                -8.28215                      15                       0               0.0867355
                -15.4912                -2.28215                       3                       0              0.00132597
                -15.4912                -2.28215                       9                       0             1.53897e-05
                -15.4912                -2.28215                      15                       0             1.79359e-06
                -9.49122                -14.2822                       3                       0             6.81956e-07
                -9.49122                -14.2822                       9                       0             1.27905e-06
                -9.49122                -14.2822                      15                       0             1.04168e-08
                -9.49122                -8.28215                       3                       0             8.03397e-07
                -9.49122                -8.28215                       9                       0             1.23691e-05
                -9.49122                -8.28215                      15                       0             1.88522e-05
                -9.49122                -2.28215                       3                       0             0.000107762
                -9.49122                -2.28215                       9                       0                0.005796
                -9.49122                -2.28215                      15                       0             6.95943e-06
                -3.49122                -14.2822                       3                       0              0.00277534
                -3.49122                -14.2822                       9                       0             8.38099e-06
                -3.49122                -14.2822                      15                       0             1.58761e-07
                -3.49122                -8.28215                       3                       0             4.12016e-06
                -3.49122                -8.28215                       9                       0               0.0160684
                -3.49122                -8.28215                      15                       0              5.2991e-06
                -3.49122                -2.28215                       3                       0             2.44069e-06
                -3.49122                -2.28215                       9                       0              5.5005e-07
                -3.49122                -2.28215                      15                       0              0.00186004
                -15.4912                  3.7178                     -15                       0             1.58479e-05
                -15.4912                  3.7178                      -9                       0             0.000349165
                -15.4912                  3.7178                      -3                       0             2.91171e-05
                -15.4912                 9.71785                     -15                       0             2.90308e-05
                -15.4912                 9.71785                      -9                       0             0.000148442
                -15.4912                 9.71785                      -3                       0               0.0867355
                -15.4912                 15.7179                     -15                       0              0.00132597
                -15.4912                 15.7179                      -9                       0             1.53897e-05
                -15.4912                 15.7179                      -3                       0             1.79359e-06
                -9.49122                  3.7178                     -15                       0             6.81956e-07
                -9.49122                  3.7178                      -9                       0             1.27905e-06
                -9.49122                  3.7178                      -3                       0             1.04168e-08
                -9.49122                 9.71785                     -15                       0             8.03397e-07
                -9.49122                 9.71785                      -9                       0             1.23691e-05
                -9.49122                 9.71785                      -3                       0             1.88522e-05
                -9.49122                 15.7179                     -15                       0             0.000107762
                -9.49122                 15.7179                      -9                       0                0.005796
                -9.49122                 15.7179                      -3                       0             6.95943e-06
                -3.49122                  3.7178                     -15                       0              0.00277534
                -3.49122                  3.7178                      -9                       0             8.38099e-06
                -3.49122                  3.7178                      -3                       0             1.58761e-07
                -3.49122                 9.71785                     -15                       0             4.12016e-06
                -3.49122                 9.71785                      -9                       0               0.0160684
                -3.49122                 9.71785                      -3                       0              5.2991e-06
                -3.49122                 15.7179                     -15                       0             2.44069e-06
                -3.49122                 15.7179                      -9                       0              5.5005e-07
                -3.49122                 15.7179                      -3                       0              0.00186004
                -15.4912                  3.7178                       3                       0             1.58479e-05
                -15.4912                  3.7178                       9                       0             0.000349165
                -15.4912                  3.7178                      15                       0             2.91171e-05
                -15.4912                 9.71785                       3                       0             2.90308e-05
                -15.4912                 9.71785                       9                       0             0.000148442
                -15.4912                 9.71785                      15                       0               0.0867355
                -15.4912                 15.7179                       3                       0              0.00132597
                -15.4912                 15.7179                       9                       0             1.53897e-05
                -15.4912                 15.7179                      15                       0             1.79359e-06
                -9.49122                  3.7178                       3                       0             6.81956e-07
                -9.49122                  3.7178                       9                       0             1.27905e-06
                -9.49122                  3.7178                      15                       0             1.04168e-08
                -9.49122                 9.71785                       3                       0             8.03397e-07
                -9.49122                 9.71785                       9                       0             1.23691e-05
                -9.49122                 9.71785                      15                       0             1.88522e-05
                -9.49122                 15.7179                       3                       0             0.000107762
                -9.49122                 15.7179                       9                       0                0.005796
                -9.49122                 15.7179                      15                       0             6.95943e-06
                -3.49122                  3.7178                       3                       0              0.00277534
                -3.49122                  3.7178                       9                       0             8.38099e-06
                -3.49122                  3.7178                      15                       0             1.58761e-07
                -3.49122                 9.71785                       3                       0             4.12016e-06
                -3.49122                 9.71785                       9                       0               0.0160684
                -3.49122                 9.71785                      15                       0              5.2991e-06
                -3.49122                 15.7179                       3                       0             2.44069e-06
                -3.49122                 15.7179                       9                       0              5.5005e-07
                -3.49122                 15.7179                      15                       0              0.00186004
                  2.5088                -14.2822                     -15                       0             1.58479e-05
                  2.5088                -14.2822                      -9                       0             0.000349165
                  2.5088                -14.2822                      -3                       0             2.91171e-05
                  2.5088                -8.28215                     -15                       0             2.90308e-05
                  2.5088                -8.28215                      -9                       0             0.000148442
                  2.5088                -8.28215                      -3                       0               0.0867355
                  2.5088                -2.28215                     -15                       0              0.00132597
                  2.5088                -2.28215                      -9                       0             1.53897e-05
                  2.5088                -2.28215                      -3                       0             1.79359e-06
                 8.50878                -14.2822                     -15                       0             6.81956e-07
                 8.50878                -14.2822                      -9                       0             1.27905e-06
                 8.50878                -14.2822                      -3                       0             1.04168e-08
                 8.50878                -8.28215                     -15                       0             8.03397e-07
                 8.50878                -8.28215                      -9                       0             1.23691e-05
                 8.50878                -8.28215                      -3                       0             1.88522e-05
                 8.50878                -2.28215                     -15                       0             0.000107762
                 8.50878                -2.28215                      -9                       0                0.005796
                 8.50878                -2.28215                      -3                       0             6.95943e-06
                 14.5088                -14.2822                     -15                       0              0.00277534
                 14.5088                -14.2822                      -9                       0             8.38099e-06
                 14.5088                -14.2822                      -3                       0             1.58761e-07
                 14.5088                -8.28215                     -15                       0             4.12016e-06
                 14.5088                -8.28215                      -9                       0               0.0160684
                 14.5088                -8.28215                      -3                       0              5.2991e-06
                 14.5088                -2.28215                     -15                       0             2.44069e-06
                 14.5088                -2.28215                      -9                       0              5.5005e-07
                 14.5088                -2.28215                      -3                       0              0.00186004
                  2.5088                -14.2822                       3                       0             1.58479e-05
                  2.5088                -14.2822                       9                       0             0.000349165
                  2.5088                -14.2822                      15                       0             2.91171e-05
                  2.5088                -8.28215                       3                       0             2.90308e-05
                  2.5088                -8.28215                       9                       0             0.000148442
                  2.5088                -8.28215                      15                       0               0.0867355
                  2.5088                -2.28215                       3                       0              0.00132597
                  2.5088                -2.28215                       9                       0             1.53897e-05
                  2.5088                -2.28215                      15                       0             1.79359e-06
                 8.50878                -14.2822                       3                       0             6.81956e-07
                 8.50878                -14.2822                       9                       0             1.27905e-06
                 8.50878                -14.2822                      15                       0             1.04168e-08
                 8.50878                -8.28215                       3                       0             8.03397e-07
                 8.50878                -8.28215                       9                       0             1.23691e-05
                 8.50878                -8.28215                      15                       0             1.88522e-05
                 8.50878                -2.28215                       3                       0             0.000107762
                 8.50878                -2.28215                       9                       0                0.005796
                 8.50878                -2.28215                      15                       0             6.95943e-06
                 14.5088                -14.2822                       3                       0              0.00277534
                 14.5088                -14.2822                       9                       0             8.38099e-06
                 14.5088                -14.2822                      15                       0             1.58761e-07
                 14.5088                -8.28215                       3                       0             4.12016e-06
                 14.5088                -8.28215                       9                       0               0.0160684
                 14.5088                -8.28215                      15                       0              5.2991e-06
                 14.5088                -2.28215                       3                       0             2.44069e-06
                 14.5088                -2.28215                       9                       0              5.5005e-07
                 14.5088                -2.28215                      15                       0              0.00186004
                  2.5088                  3.7178                     -15                       0             1.58479e-05
                  2.5088                  3.7178                      -9                       0             0.000349165
                  2.5088                  3.7178                      -3                       0             2.91171e-05
                  2.5088                 9.71785                     -15                       0             2.90308e-05
                  2.5088                 9.71785                      -9                       0             0.000148442
                  2.5088                 9.71785                      -3                       0               0.0867355
                  2.5088                 15.7179                     -15                       0              0.00132597
                  2.5088                 15.7179                      -9                       0             1.53897e-05
                  2.5088                 15.7179                      -3                       0             1.79359e-06
                 8.50878                  3.7178                     -15                       0             6.81956e-07
                 8.50878                  3.7178                      -9                       0             1.27905e-06
                 8.50878                  3.7178                      -3                       0             1.04168e-08
                 8.50878                 9.71785                     -15                       0             8.03397e-07
                 8.50878                 9.71785                      -9                       0             1.23691e-05
                 8.50878                 9.71785                      -3                       0             1.88522e-05
                 8.50878                 15.7179                     -15                       0             0.000107762
                 8.50878                 15.7179                      -9                       0                0.005796
                 8.50878                 15.7179                      -3                       0             6.95943e-06
                 14.5088                  3.7178                     -15                       0              0.00277534
                 14.5088                  3.7178                      -9                       0             8.38099e-06
                 14.5088                  3.7178                      -3                       0             1.58761e-07
                 14.5088                 9.71785                     -15                       0             4.12016e-06
                 14.5088                 9.71785                      -9                       0               0.0160684
                 14.5088                 9.71785                      -3                       0              5.2991e-06
                 14.5088                 15.7179                     -15                       0             2.44069e-06
                 14.5088                 15.7179                      -9                       0              5.5005e-07
                 14.5088                 15.7179                      -3                       0              0.00186004
                  2.5088                  3.7178                       3                       0             1.58479e-05
                  2.5088                  3.7178                       9                       0             0.000349165
                  2.5088                  3.7178                      15                       0             2.91171e-05
                  2.5088                 9.71785                       3                       0             2.90308e-05
                  2.5088                 9.71785                       9                       0             0.000148442
                  2.5088                 9.71785                      15                       0               0.0867355
                  2.5088                 15.7179                       3                       0              0.00132597
                  2.5088                 15.7179                       9                       0             1.53897e-05
                  2.5088                 15.7179                      15                       0             1.79359e-06
                 8.50878                  3.7178                       3                       0             6.81956e-07
                 8.50878                  3.7178                       9                       0             1.27905e-06
                 8.50878                  3.7178                      15                       0             1.04168e-08
                 8.50878                 9.71785                       3                       0             8.03397e-07
                 8.50878                 9.71785                       9                       0             1.23691e-05
                 8.50878                 9.71785                      15                       0             1.88522e-05
                 8.50878                 15.7179                       3                       0             0.000107762
                 8.50878                 15.7179                       9                       0                0.005796
                 8.50878                 15.7179                      15                       0             6.95943e-06
                 14.5088                  3.7178                       3                       0              0.00277534
                 14.5088                  3.7178                       9                       0             8.38099e-06
                 14.5088                  3.7178                      15                       0             1.58761e-07
                 14.5088                 9.71785                       3                       0             4.12016e-06
                 14.5088                 9.71785                       9                       0               0.0160684
                 14.5088                 9.71785                      15                       0              5.2991e-06
                 14.5088                 15.7179                       3                       0             2.44069e-06
                 14.5088                 15.7179                       9                       0              5.5005e-07
                 14.5088                 15.7179                      15                       0              0.00186004
                -15.4912                -14.2822                     -15                       1             3.79399e-07
                -15.4912                -14.2822                      -9                       1             3.86721e-07
                -15.4912                -14.2822                      -3                       1             0.000456395
                -15.4912                -8.28215                     -15                       1             3.32431e-06
                -15.4912                -8.28215                      -9                       1             5.39186e-05
                -15.4912                -8.28215                      -3                       1             0.000107824
                -15.4912                -2.28215                     -15                       1             0.000529426
                -15.4912                -2.28215                      -9                       1             6.85772e-06
                -15.4912                -2.28215                      -3                       1              0.00402155
                -9.49122                -14.2822                     -15                       1             8.25135e-10
                -9.49122                -14.2822                      -9                       1              3.3794e-06
                -9.49122                -14.2822                      -3                       1             3.07519e-05
                -9.49122                -8.28215                     -15                       1             2.43057e-05
                -9.49122                -8.28215                      -9                       1             1.82454e-06
                -9.49122                -8.28215                      -3                       1             0.000692998
                -9.49122                -2.28215                     -15                       1             1.38232e-06
                -9.49122                -2.28215                      -9                       1             0.000580072
                -9.49122                -2.28215                      -3                       1             0.000343133
                -3.49122                -14.2822                     -15                       1             3.07132e-05
                -3.49122                -14.2822                      -9                       1              0.00216125
                -3.49122                -14.2822                      -3                       1             1.54317e-05
                -3.49122                -8.28215                     -15                       1             3.36888e-05
                -3.49122                -8.28215                      -9                       1             2.42563e-05
                -3.49122                -8.28215                      -3                       1             7.51595e-06
                -3.49122                -2.28215                     -15                       1             5.31431e-08
                -3.49122                -2.28215                      -9                       1             0.000548614
                -3.49122                -2.28215                      -3                       1             1.54044e-07
                -15.4912                -14.2822                       3                       1             3.79399e-07
                -15.4912                -14.2822                       9                       1             3.86721e-07
                -15.4912                -14.2822                      15                       1             0.000456395
                -15.4912                -8.28215                       3                       1             3.32431e-06
                -15.4912                -8.28215                       9                       1             5.39186e-05
                -15.4912                -8.28215                      15                       1             0.000107824
                -15.4912                -2.28215                       3                       1             0.000529426
                -15.4912                -2.28215                       9                       1             6.85772e-06
                -15.4912                -2.28215                      15                       1              0.00402155
                -9.49122                -14.2822                       3                       1             8.25135e-10
                -9.49122                -14.2822                       9                       1              3.3794e-06
                -9.49122                -14.2822                      15                       1             3.07519e-05
                -9.49122                -8.28215                       3                       1             2.43057e-05
                -9.49122                -8.28215                       9                       1             1.82454e-06
                -9.49122                -8.28215                      15                       1             0.000692998
                -9.49122                -2.28215                       3                       1             1.38232e-06
                -9.49122                -2.28215                       9                       1             0.000580072
                -9.49122                -2.28215                      15                       1             0.000343133
                -3.49122                -14.2822                       3                       1             3.07132e-05
                -3.49122                -14.2822                       9                       1              0.00216125
                -3.49122                -14.2822                      15                       1             1.54317e-05
                -3.49122                -8.28215                       3                       1             3.36888e-05
                -3.49122                -8.28215                       9                       1             2.42563e-05
                -3.49122                -8.28215                      15                       1             7.51595e-06
                -3.49122                -2.28215                       3                       1             5.31431e-08
                -3.49122                -2.28215                       9                       1             0.000548614
                -3.49122                -2.28215                      15                       1             1.54044e-07
                -15.4912                  3.7178                     -15                       1             3.79399e-07
                -15.4912                  3.7178                      -9                       1             3.86721e-07
                -15.4912                  3.7178                      -3                       1             0.000456395
                -15.4912                 9.71785                     -15                       1             3.32431e-06
                -15.4912                 9.71785                      -9                       1             5.39186e-05
                -15.4912                 9.71785                      -3                       1             0.000107824
                -15.4912                 15.7179                     -15                       1             0.000529426
                -15.4912                 15.7179                      -9                       1             6.85772e-06
                -15.4912                 15.7179                      -3                       1              0.00402155
                -9.49122                  3.7178                     -15                       1             8.25135e-10
                -9.49122                  3.7178                      -9                       1              3.3794e-06
                -9.49122                  3.7178                      -3                       1             3.07519e-05
                -9.49122                 9.71785                     -15                       1             2.43057e-05
                -9.49122                 9.71785                      -9                       1             1.82454e-06
                -9.49122                 9.71785                      -3                       1             0.000692998
                -9.49122                 15.7179                     -15                       1             1.38232e-06
                -9.49122                 15.7179                      -9                       1             0.000580072
                -9.49122                 15.7179                      -3                       1             0.000343133
                -3.49122                  3.7178                     -15                       1             3.07132e-05
                -3.49122                  3.7178                      -9                       1              0.00216125
                -3.49122                  3.7178                      -3                       1             1.54317e-05
                -3.49122                 9.71785                     -15                       1             3.36888e-05
                -3.49122                 9.71785                      -9                       1             2.42563e-05
                -3.49122                 9.71785                      -3                       1             7.51595e-06
                -3.49122                 15.7179                     -15                       1             5.31431e-08
                -3.49122                 15.7179                      -9                       1             0.000548614
                -3.49122                 15.7179                      -3                       1             1.54044e-07
                -15.4912                  3.7178                       3                       1             3.79399e-07
                -15.4912                  3.7178                       9                       1             3.86721e-07
                -15.4912                  3.7178                      15                       1             0.000456395
                -15.4912                 9.71785                       3                       1             3.32431e-06
                -15.4912                 9.71785                       9                       1             5.39186e-05
                -15.4912                 9.71785                      15                       1             0.000107824
                -15.4912                 15.7179                       3                       1             0.000529426
                -15.4912                 15.7179                       9                       1             6.85772e-06
                -15.4912                 15.7179                      15                       1              0.00402155
                -9.49122                  3.7178                       3                       1             8.25135e-10
                -9.49122                  3.7178                       9                       1              3.3794e-06
                -9.49122                  3.7178                      15                       1             3.07519e-05
                -9.49122                 9.71785                       3                       1             2.43057e-05
                -9.49122                 9.71785                       9                       1             1.82454e-06
                -9.49122                 9.71785                      15                       1             0.000692998
                -9.49122                 15.7179                       3                       1             1.38232e-06
                -9.49122                 15.7179                       9                       1             0.000580072
                -9.49122                 15.7179                      15                       1             0.000343133
                -3.49122                  3.7178                       3                       1             3.07132e-05
                -3.49122                  3.7178                       9                       1              0.00216125
                -3.49122                  3.7178                      15                       1             1.54317e-05
                -3.49122                 9.71785                       3                       1             3.36888e-05
                -3.49122                 9.71785                       9                       1             2.42563e-05
                -3.49122                 9.71785                      15                       1             7.51595e-06
                -3.49122                 15.7179                       3                       1             5.31431e-08
                -3.49122                 15.7179                       9                       1             0.000548614
                -3.49122                 15.7179                      15                       1             1.54044e-07
                  2.5088                -14.2822                     -15                       1             3.79399e-07
                  2.5088                -14.2822                      -9                       1             3.86721e-07
                  2.5088                -14.2822                      -3                       1             0.000456395
                  2.5088                -8.28215                     -15                       1             3.32431e-06
                  2.5088                -8.28215                      -9                       1             5.39186e-05
                  2.5088                -8.28215                      -3                       1             0.000107824
                  2.5088                -2.28215                     -15                       1             0.000529426
                  2.5088                -2.28215                      -9                       1             6.85772e-06
                  2.5088                -2.28215                      -3                       1              0.00402155
                 8.50878                -14.2822                     -15                       1             8.25135e-10
                 8.50878                -14.2822                      -9                       1              3.3794e-06
                 8.50878                -14.2822                      -3                       1             3.07519e-05
                 8.50878                -8.28215                     -15                       1             2.43057e-05
                 8.50878                -8.28215                      -9                       1             1.82454e-06
                 8.50878                -8.28215                      -3                       1             0.000692998
                 8.50878                -2.28215                     -15                       1             1.38232e-06
                 8.50878                -2.28215                      -9                       1             0.000580072
                 8.50878                -2.28215                      -3                       1             0.000343133
                 14.5088                -14.2822                     -15                       1             3.07132e-05
                 14.5088                -14.2822                      -9                       1              0.00216125
                 14.5088                -14.2822                      -3                       1             1.54317e-05
                 14.5088                -8.28215                     -15                       1             3.36888e-05
                 14.5088                -8.28215                      -9                       1             2.42563e-05
                 14.5088                -8.28215                      -3                       1             7.51595e-06
                 14.5088                -2.28215                     -15                       1             5.31431e-08
                 14.5088                -2.28215                      -9                       1             0.000548614
                 14.5088                -2.28215                      -3                       1             1.54044e-07
                  2.5088                -14.2822                       3                       1             3.79399e-07
                  2.5088                -14.2822                       9                       1             3.86721e-07
                  2.5088                -14.2822                      15                       1             0.000456395
                  2.5088                -8.28215                       3                       1             3.32431e-06
                  2.5088                -8.28215                       9                       1             5.39186e-05
                  2.5088                -8.28215                      15                       1             0.000107824
                  2.5088                -2.28215                       3                       1             0.000529426
                  2.5088                -2.28215                       9                       1             6.85772e-06
                  2.5088                -2.28215                      15                       1              0.00402155
                 8.50878                -14.2822                       3                       1             8.25135e-10
                 8.50878                -14.2822                       9                       1              3.3794e-06
                 8.50878                -14.2822                      15                       1             3.07519e-05
                 8.50878                -8.28215                       3                       1             2.43057e-05
                 8.50878                -8.28215                       9                       1             1.82454e-06
                 8.50878                -8.28215                      15                       1             0.000692998
                 8.50878                -2.28215                       3                       1             1.38232e-06
                 8.50878                -2.28215                       9                       1             0.000580072
                 8.50878                -2.28215                      15                       1             0.000343133
                 14.5088                -14.2822                       3                       1             3.07132e-05
                 14.5088                -14.2822                       9                       1              0.00216125
                 14.5088                -14.2822                      15                       1             1.54317e-05
                 14.5088                -8.28215                       3                       1             3.36888e-05
                 14.5088                -8.28215                       9                       1             2.42563e-05
                 14.5088                -8.28215                      15                       1             7.51595e-06
                 14.5088                -2.28215                       3                       1             5.31431e-08
                 14.5088                -2.28215                       9                       1             0.000548614
                 14.5088                -2.28215                      15                       1             1.54044e-07
                  2.5088                  3.7178                     -15                       1             3.79399e-07
                  2.5088                  3.7178                      -9                       1             3.86721e-07
                  2.5088                  3.7178                      -3                       1             0.000456395
                  2.5088                 9.71785                     -15                       1             3.32431e-06
                  2.5088                 9.71785                      -9                       1             5.39186e-05
                  2.5088                 9.71785                      -3                       1             0.000107824
                  2.5088                 15.7179                     -15                       1             0.000529426
                  2.5088                 15.7179                      -9                       1             6.85772e-06
                  2.5088                 15.7179                      -3                       1              0.00402155
                 8.50878                  3.7178                     -15                       1             8.25135e-10
                 8.50878                  3.7178                      -9                       1              3.3794e-06
                 8.50878                  3.7178                      -3                       1             3.07519e-05
                 8.50878                 9.71785                     -15                       1             2.43057e-05
                 8.50878                 9.71785                      -9                       1             1.82454e-06
                 8.50878                 9.71785                      -3                       1             0.000692998
                 8.50878                 15.7179                     -15                       1             1.38232e-06
                 8.50878                 15.7179                      -9                       1             0.000580072
                 8.50878                 15.7179                      -3                       1             0.000343133
                 14.5088                  3.7178                     -15                       1             3.07132e-05
                 14.5088                  3.7178                      -9                       1              0.00216125
                 14.5088                  3.7178                      -3                       1             1.54317e-05
                 14.5088                 9.71785                     -15                       1             3.36888e-05
                 14.5088                 9.71785                      -9                       1             2.42563e-05
                 14.5088                 9.71785                      -3                       1             7.51595e-06
                 14.5088                 15.7179                     -15                       1             5.31431e-08
                 14.5088                 15.7179                      -9                       1             0.000548614
                 14.5088                 15.7179                      -3                       1             1.54044e-07
                  2.5088                  3.7178                       3                       1             3.79399e-07
                  2.5088                  3.7178                       9                       1             3.86721e-07
                  2.5088                  3.7178                      15                       1             0.000456395
                  2.5088                 9.71785                       3                       1             3.32431e-06
                  2.5088                 9.71785                       9                       1             5.39186e-05
                  2.5088                 9.71785                      15                       1             0.000107824
                  2.5088                 15.7179                       3                       1             0.000529426
                  2.5088                 15.7179                       9                       1             6.85772e-06
                  2.5088                 15.7179                      15                       1              0.00402155
                 8.50878                  3.7178                       3                       1             8.25135e-10
                 8.50878                  3.7178                       9                       1              3.3794e-06
                 8.50878                  3.7178                      15                       1             3.07519e-05
                 8.50878                 9.71785                       3                       1             2.43057e-05
                 8.50878                 9.71785                       9                       1             1.82454e-06
                 8.50878                 9.71785                      15                       1             0.000692998
                 8.50878                 15.7179                       3                       1             1.38232e-06
                 8.50878                 15.7179                       9                       1             0.000580072
                 8.50878                 15.7179                      15                       1             0.000343133
                 14.5088                  3.7178                       3                       1             3.07132e-05
                 14.5088                  3.7178                       9                       1              0.00216125
                 14.5088                  3.7178                      15                       1             1.54317e-05
                 14.5088                 9.71785                       3                       1             3.36888e-05
                 14.5088                 9.71785                       9                       1             2.42563e-05
                 14.5088                 9.71785                      15                       1             7.51595e-06
                 14.5088                 15.7179                       3                       1             5.31431e-08
                 14.5088                 15.7179                       9                       1             0.000548614
                 14.5088                 15.7179                      15                       1             1.54044e-07
