                -15.4912                -14.2822                     -15                       0             1.60317e-05
                -15.4912                -14.2822                      -9                       0             0.000371979
                -15.4912                -14.2822                      -3                       0             2.89926e-05
                -15.4912                -8.28215                     -15                       0             2.91613e-05
                -15.4912                -8.28215                      -9                       0             0.000157438
                -15.4912                -8.28215                      -3                       0               0.0863853
                -15.4912                -2.28215                     -15                       0              0.00132232
                -15.4912                -2.28215                      -9                       0             1.57877e-05
                -15.4912                -2.28215                      -3                       0             1.78735e-06
                -9.49122                -14.2822                     -15                       0             6.86813e-07
                -9.49122                -14.2822                      -9                       0             1.29361e-06
                -9.49122                -14.2822                      -3                       0             1.06152e-08
                -9.49122                -8.28215                     -15                       0             8.01881e-07
                -9.49122                -8.28215                      -9                       0             1.26537e-05
                -9.49122                -8.28215                      -3                       0             1.95691e-05
                -9.49122                -2.28215                     -15                       0             0.000111837
                -9.49122                -2.28215                      -9                       0              0.00572892
                -9.49122                -2.28215                      -3                       0             7.01629e-06
                -3.49122                -14.2822                     -15                       0              0.00275077
                -3.49122                -14.2822                      -9                       0             8.57929e-06
                -3.49122                -14.2822                      -3                       0             1.57951e-07
                -3.49122                -8.28215                     -15                       0             4.14342e-06
                -3.49122                -8.28215                      -9                       0               0.0164594
                -3.49122                -8.28215                      -3                       0             5.34752e-06
                -3.49122                -2.28215                     -15                       0             2.44331e-06
                -3.49122                -2.28215                      -9                       0             5.67987e-07
                -3.49122                -2.28215                      -3                       0                  0.0018
                -15.4912                -14.2822                       3                       0             1.60317e-05
                -15.4912                -14.2822                       9                       0             0.000371979
                -15.4912                -14.2822                      15                       0             2.89926e-05
                -15.4912                -8.28215                       3                       0             2.91613e-05
                -15.4912                -8.28215                       9                       0             0.000157438
                -15.4912                -8.28215                      15                       0               0.0863853
                -15.4912                -2.28215                       3                       0              0.00132232
                -15.4912                -2.28215                       9                       0             1.57877e-05
                -15.4912                -2.28215                      15                       0             1.78735e-06
                -9.49122                -14.2822                       3                       0             6.86813e-07
                -9.49122                -14.2822                       9                       0             1.29361e-06
                -9.49122                -14.2822                      15                       0             1.06152e-08
                -9.49122                -8.28215                       3                       0             8.01881e-07
                -9.49122                -8.28215                       9                       0             1.26537e-05
                -9.49122                -8.28215                      15                       0             1.95691e-05
                -9.49122                -2.28215                       3                       0             0.000111837
                -9.49122                -2.28215                       9                       0              0.00572892
                -9.49122                -2.28215                      15                       0             7.01629e-06
                -3.49122                -14.2822                       3                       0              0.00275077
                -3.49122                -14.2822                       9                       0             8.57929e-06
                -3.49122                -14.2822                      15                       0             1.57951e-07
                -3.49122                -8.28215                       3                       0             4.14342e-06
                -3.49122                -8.28215                       9                       0               0.0164594
                -3.49122                -8.28215                      15                       0             5.34752e-06
                -3.49122                -2.28215                       3                       0             2.44331e-06
                -3.49122                -2.28215                       9                       0             5.67987e-07
                -3.49122                -2.28215                      15                       0                  0.0018
                -15.4912                  3.7178                     -15                       0             1.60317e-05
                -15.4912                  3.7178                      -9                       0             0.000371979
                -15.4912                  3.7178                      -3                       0             2.89926e-05
                -15.4912                 9.71785                     -15                       0             2.91613e-05
                -15.4912                 9.71785                      -9                       0             0.000157438
                -15.4912                 9.71785                      -3                       0               0.0863853
                -15.4912                 15.7179                     -15                       0              0.00132232
                -15.4912                 15.7179                      -9                       0             1.57877e-05
                -15.4912                 15.7179                      -3                       0             1.78735e-06
                -9.49122                  3.7178                     -15                       0             6.86813e-07
                -9.49122                  3.7178                      -9                       0             1.29361e-06
                -9.49122                  3.7178                      -3                       0             1.06152e-08
                -9.49122                 9.71785                     -15                       0             8.01881e-07
                -9.49122                 9.71785                      -9                       0             1.26537e-05
                -9.49122                 9.71785                      -3                       0             1.95691e-05
                -9.49122                 15.7179                     -15                       0             0.000111837
                -9.49122                 15.7179                      -9                       0              0.00572892
                -9.49122                 15.7179                      -3                       0             7.01629e-06
                -3.49122                  3.7178                     -15                       0              0.00275077
                -3.49122                  3.7178                      -9                       0             8.57929e-06
                -3.49122                  3.7178                      -3                       0             1.57951e-07
                -3.49122                 9.71785                     -15                       0             4.14342e-06
                -3.49122                 9.71785                      -9                       0               0.0164594
                -3.49122                 9.71785                      -3                       0             5.34752e-06
                -3.49122                 15.7179                     -15                       0             2.44331e-06
                -3.49122                 15.7179                      -9                       0             5.67987e-07
                -3.49122                 15.7179                      -3                       0                  0.0018
                -15.4912                  3.7178                       3                       0             1.60317e-05
                -15.4912                  3.7178                       9                       0             0.000371979
                -15.4912                  3.7178                      15                       0             2.89926e-05
                -15.4912                 9.71785                       3                       0             2.91613e-05
                -15.4912                 9.71785                       9                       0             0.000157438
                -15.4912                 9.71785                      15                       0               0.0863853
                -15.4912                 15.7179                       3                       0              0.00132232
                -15.4912                 15.7179                       9                       0             1.57877e-05
                -15.4912                 15.7179                      15                       0             1.78735e-06
                -9.49122                  3.7178                       3                       0             6.86813e-07
                -9.49122                  3.7178                       9                       0             1.29361e-06
                -9.49122                  3.7178                      15                       0             1.06152e-08
                -9.49122                 9.71785                       3                       0             8.01881e-07
                -9.49122                 9.71785                       9                       0             1.26537e-05
                -9.49122                 9.71785                      15                       0             1.95691e-05
                -9.49122                 15.7179                       3                       0             0.000111837
                -9.49122                 15.7179                       9                       0              0.00572892
                -9.49122                 15.7179                      15                       0             7.01629e-06
                -3.49122                  3.7178                       3                       0              0.00275077
                -3.49122                  3.7178                       9                       0             8.57929e-06
                -3.49122                  3.7178                      15                       0             1.57951e-07
                -3.49122                 9.71785                       3                       0             4.14342e-06
                -3.49122                 9.71785                       9                       0               0.0164594
                -3.49122                 9.71785                      15                       0             5.34752e-06
                -3.49122                 15.7179                       3                       0             2.44331e-06
                -3.49122                 15.7179                       9                       0             5.67987e-07
                -3.49122                 15.7179                      15                       0                  0.0018
                  2.5088                -14.2822                     -15                       0             1.60317e-05
                  2.5088                -14.2822                      -9                       0             0.000371979
                  2.5088                -14.2822                      -3                       0             2.89926e-05
                  2.5088                -8.28215                     -15                       0             2.91613e-05
                  2.5088                -8.28215                      -9                       0             0.000157438
                  2.5088                -8.28215                      -3                       0               0.0863853
                  2.5088                -2.28215                     -15                       0              0.00132232
                  2.5088                -2.28215                      -9                       0             1.57877e-05
                  2.5088                -2.28215                      -3                       0             1.78735e-06
                 8.50878                -14.2822                     -15                       0             6.86813e-07
                 8.50878                -14.2822                      -9                       0             1.29361e-06
                 8.50878                -14.2822                      -3                       0             1.06152e-08
                 8.50878                -8.28215                     -15                       0             8.01881e-07
                 8.50878                -8.28215                      -9                       0             1.26537e-05
                 8.50878                -8.28215                      -3                       0             1.95691e-05
                 8.50878                -2.28215                     -15                       0             0.000111837
                 8.50878                -2.28215                      -9                       0              0.00572892
                 8.50878                -2.28215                      -3                       0             7.01629e-06
                 14.5088                -14.2822                     -15                       0              0.00275077
                 14.5088                -14.2822                      -9                       0             8.57929e-06
                 14.5088                -14.2822                      -3                       0             1.57951e-07
                 14.5088                -8.28215                     -15                       0             4.14342e-06
                 14.5088                -8.28215                      -9                       0               0.0164594
                 14.5088                -8.28215                      -3                       0             5.34752e-06
                 14.5088                -2.28215                     -15                       0             2.44331e-06
                 14.5088                -2.28215                      -9                       0             5.67987e-07
                 14.5088                -2.28215                      -3                       0                  0.0018
                  2.5088                -14.2822                       3                       0             1.60317e-05
                  2.5088                -14.2822                       9                       0             0.000371979
                  2.5088                -14.2822                      15                       0             2.89926e-05
                  2.5088                -8.28215                       3                       0             2.91613e-05
                  2.5088                -8.28215                       9                       0             0.000157438
                  2.5088                -8.28215                      15                       0               0.0863853
                  2.5088                -2.28215                       3                       0              0.00132232
                  2.5088                -2.28215                       9                       0             1.57877e-05
                  2.5088                -2.28215                      15                       0             1.78735e-06
                 8.50878                -14.2822                       3                       0             6.86813e-07
                 8.50878                -14.2822                       9                       0             1.29361e-06
                 8.50878                -14.2822                      15                       0             1.06152e-08
                 8.50878                -8.28215                       3                       0             8.01881e-07
                 8.50878                -8.28215                       9                       0             1.26537e-05
                 8.50878                -8.28215                      15                       0             1.95691e-05
                 8.50878                -2.28215                       3                       0             0.000111837
                 8.50878                -2.28215                       9                       0              0.00572892
                 8.50878                -2.28215                      15                       0             7.01629e-06
                 14.5088                -14.2822                       3                       0              0.00275077
                 14.5088                -14.2822                       9                       0             8.57929e-06
                 14.5088                -14.2822                      15                       0             1.57951e-07
                 14.5088                -8.28215                       3                       0             4.14342e-06
                 14.5088                -8.28215                       9                       0               0.0164594
                 14.5088                -8.28215                      15                       0             5.34752e-06
                 14.5088                -2.28215                       3                       0             2.44331e-06
                 14.5088                -2.28215                       9                       0             5.67987e-07
                 14.5088                -2.28215                      15                       0                  0.0018
                  2.5088                  3.7178                     -15                       0             1.60317e-05
                  2.5088                  3.7178                      -9                       0             0.000371979
                  2.5088                  3.7178                      -3                       0             2.89926e-05
                  2.5088                 9.71785                     -15                       0             2.91613e-05
                  2.5088                 9.71785                      -9                       0             0.000157438
                  2.5088                 9.71785                      -3                       0               0.0863853
                  2.5088                 15.7179                     -15                       0              0.00132232
                  2.5088                 15.7179                      -9                       0             1.57877e-05
                  2.5088                 15.7179                      -3                       0             1.78735e-06
                 8.50878                  3.7178                     -15                       0             6.86813e-07
                 8.50878                  3.7178                      -9                       0             1.29361e-06
                 8.50878                  3.7178                      -3                       0             1.06152e-08
                 8.50878                 9.71785                     -15                       0             8.01881e-07
                 8.50878                 9.71785                      -9                       0             1.26537e-05
                 8.50878                 9.71785                      -3                       0             1.95691e-05
                 8.50878                 15.7179                     -15                       0             0.000111837
                 8.50878                 15.7179                      -9                       0              0.00572892
                 8.50878                 15.7179                      -3                       0             7.01629e-06
                 14.5088                  3.7178                     -15                       0              0.00275077
                 14.5088                  3.7178                      -9                       0             8.57929e-06
                 14.5088                  3.7178                      -3                       0             1.57951e-07
                 14.5088                 9.71785                     -15                       0             4.14342e-06
                 14.5088                 9.71785                      -9                       0               0.0164594
                 14.5088                 9.71785                      -3                       0             5.34752e-06
                 14.5088                 15.7179                     -15                       0             2.44331e-06
                 14.5088                 15.7179                      -9                       0             5.67987e-07
                 14.5088                 15.7179                      -3                       0                  0.0018
                  2.5088                  3.7178                       3                       0             1.60317e-05
                  2.5088                  3.7178                       9                       0             0.000371979
                  2.5088                  3.7178                      15                       0             2.89926e-05
                  2.5088                 9.71785                       3                       0             2.91613e-05
                  2.5088                 9.71785                       9                       0             0.000157438
                  2.5088                 9.71785                      15                       0               0.0863853
                  2.5088                 15.7179                       3                       0              0.00132232
                  2.5088                 15.7179                       9                       0             1.57877e-05
                  2.5088                 15.7179                      15                       0             1.78735e-06
                 8.50878                  3.7178                       3                       0             6.86813e-07
                 8.50878                  3.7178                       9                       0             1.29361e-06
                 8.50878                  3.7178                      15                       0             1.06152e-08
                 8.50878                 9.71785                       3                       0             8.01881e-07
                 8.50878                 9.71785                       9                       0             1.26537e-05
                 8.50878                 9.71785                      15                       0             1.95691e-05
                 8.50878                 15.7179                       3                       0             0.000111837
                 8.50878                 15.7179                       9                       0              0.00572892
                 8.50878                 15.7179                      15                       0             7.01629e-06
                 14.5088                  3.7178                       3                       0              0.00275077
                 14.5088                  3.7178                       9                       0             8.57929e-06
                 14.5088                  3.7178                      15                       0             1.57951e-07
                 14.5088                 9.71785                       3                       0             4.14342e-06
                 14.5088                 9.71785                       9                       0               0.0164594
                 14.5088                 9.71785                      15                       0             5.34752e-06
                 14.5088                 15.7179                       3                       0             2.44331e-06
                 14.5088                 15.7179                       9                       0             5.67987e-07
                 14.5088                 15.7179                      15                       0                  0.0018
                -15.4912                -14.2822                     -15                       1             3.83802e-07
                -15.4912                -14.2822                      -9                       1             4.11977e-07
                -15.4912                -14.2822                      -3                       1             0.000454445
                -15.4912                -8.28215                     -15                       1             3.33927e-06
                -15.4912                -8.28215                      -9                       1             5.71866e-05
                -15.4912                -8.28215                      -3                       1             0.000107348
                -15.4912                -2.28215                     -15                       1             0.000527968
                -15.4912                -2.28215                      -9                       1             7.03496e-06
                -15.4912                -2.28215                      -3                       1              0.00400763
                -9.49122                -14.2822                     -15                       1             8.31008e-10
                -9.49122                -14.2822                      -9                       1             3.41789e-06
                -9.49122                -14.2822                      -3                       1             3.13378e-05
                -9.49122                -8.28215                     -15                       1             2.42595e-05
                -9.49122                -8.28215                      -9                       1             1.86656e-06
                -9.49122                -8.28215                      -3                       1             0.000719341
                -9.49122                -2.28215                     -15                       1             1.43458e-06
                -9.49122                -2.28215                      -9                       1             0.000573323
                -9.49122                -2.28215                      -3                       1             0.000345932
                -3.49122                -14.2822                     -15                       1             3.04405e-05
                -3.49122                -14.2822                      -9                       1              0.00221227
                -3.49122                -14.2822                      -3                       1             1.53531e-05
                -3.49122                -8.28215                     -15                       1             3.38792e-05
                -3.49122                -8.28215                      -9                       1             2.48564e-05
                -3.49122                -8.28215                      -3                       1             7.58467e-06
                -3.49122                -2.28215                     -15                       1             5.32009e-08
                -3.49122                -2.28215                      -9                       1             0.000566502
                -3.49122                -2.28215                      -3                       1             1.49069e-07
                -15.4912                -14.2822                       3                       1             3.83802e-07
                -15.4912                -14.2822                       9                       1             4.11977e-07
                -15.4912                -14.2822                      15                       1             0.000454445
                -15.4912                -8.28215                       3                       1             3.33927e-06
                -15.4912                -8.28215                       9                       1             5.71866e-05
                -15.4912                -8.28215                      15                       1             0.000107348
                -15.4912                -2.28215                       3                       1             0.000527968
                -15.4912                -2.28215                       9                       1             7.03496e-06
                -15.4912                -2.28215                      15                       1              0.00400763
                -9.49122                -14.2822                       3                       1             8.31008e-10
                -9.49122                -14.2822                       9                       1             3.41789e-06
                -9.49122                -14.2822                      15                       1             3.13378e-05
                -9.49122                -8.28215                       3                       1             2.42595e-05
                -9.49122                -8.28215                       9                       1             1.86656e-06
                -9.49122                -8.28215                      15                       1             0.000719341
                -9.49122                -2.28215                       3                       1             1.43458e-06
                -9.49122                -2.28215                       9                       1             0.000573323
                -9.49122                -2.28215                      15                       1             0.000345932
                -3.49122                -14.2822                       3                       1             3.04405e-05
                -3.49122                -14.2822                       9                       1              0.00221227
                -3.49122                -14.2822                      15                       1             1.53531e-05
                -3.49122                -8.28215                       3                       1             3.38792e-05
                -3.49122                -8.28215                       9                       1             2.48564e-05
                -3.49122                -8.28215                      15                       1             7.58467e-06
                -3.49122                -2.28215                       3                       1             5.32009e-08
                -3.49122                -2.28215                       9                       1             0.000566502
                -3.49122                -2.28215                      15                       1             1.49069e-07
                -15.4912                  3.7178                     -15                       1             3.83802e-07
                -15.4912                  3.7178                      -9                       1             4.11977e-07
                -15.4912                  3.7178                      -3                       1             0.000454445
                -15.4912                 9.71785                     -15                       1             3.33927e-06
                -15.4912                 9.71785                      -9                       1             5.71866e-05
                -15.4912                 9.71785                      -3                       1             0.000107348
                -15.4912                 15.7179                     -15                       1             0.000527968
                -15.4912                 15.7179                      -9                       1             7.03496e-06
                -15.4912                 15.7179                      -3                       1              0.00400763
                -9.49122                  3.7178                     -15                       1             8.31008e-10
                -9.49122                  3.7178                      -9                       1             3.41789e-06
                -9.49122                  3.7178                      -3                       1             3.13378e-05
                -9.49122                 9.71785                     -15                       1             2.42595e-05
                -9.49122                 9.71785                      -9                       1             1.86656e-06
                -9.49122                 9.71785                      -3                       1             0.000719341
                -9.49122                 15.7179                     -15                       1             1.43458e-06
                -9.49122                 15.7179                      -9                       1             0.000573323
                -9.49122                 15.7179                      -3                       1             0.000345932
                -3.49122                  3.7178                     -15                       1             3.04405e-05
                -3.49122                  3.7178                      -9                       1              0.00221227
                -3.49122                  3.7178                      -3                       1             1.53531e-05
                -3.49122                 9.71785                     -15                       1             3.38792e-05
                -3.49122                 9.71785                      -9                       1             2.48564e-05
                -3.49122                 9.71785                      -3                       1             7.58467e-06
                -3.49122                 15.7179                     -15                       1             5.32009e-08
                -3.49122                 15.7179                      -9                       1             0.000566502
                -3.49122                 15.7179                      -3                       1             1.49069e-07
                -15.4912                  3.7178                       3                       1             3.83802e-07
                -15.4912                  3.7178                       9                       1             4.11977e-07
                -15.4912                  3.7178                      15                       1             0.000454445
                -15.4912                 9.71785                       3                       1             3.33927e-06
                -15.4912                 9.71785                       9                       1             5.71866e-05
                -15.4912                 9.71785                      15                       1             0.000107348
                -15.4912                 15.7179                       3                       1             0.000527968
                -15.4912                 15.7179                       9                       1             7.03496e-06
                -15.4912                 15.7179                      15                       1              0.00400763
                -9.49122                  3.7178                       3                       1             8.31008e-10
                -9.49122                  3.7178                       9                       1             3.41789e-06
                -9.49122                  3.7178                      15                       1             3.13378e-05
                -9.49122                 9.71785                       3                       1             2.42595e-05
                -9.49122                 9.71785                       9                       1             1.86656e-06
                -9.49122                 9.71785                      15                       1             0.000719341
                -9.49122                 15.7179                       3                       1             1.43458e-06
                -9.49122                 15.7179                       9                       1             0.000573323
                -9.49122                 15.7179                      15                       1             0.000345932
                -3.49122                  3.7178                       3                       1             3.04405e-05
                -3.49122                  3.7178                       9                       1              0.00221227
                -3.49122                  3.7178                      15                       1             1.53531e-05
                -3.49122                 9.71785                       3                       1             3.38792e-05
                -3.49122                 9.71785                       9                       1             2.48564e-05
                -3.49122                 9.71785                      15                       1             7.58467e-06
                -3.49122                 15.7179                       3                       1             5.32009e-08
                -3.49122                 15.7179                       9                       1             0.000566502
                -3.49122                 15.7179                      15                       1             1.49069e-07
                  2.5088                -14.2822                     -15                       1             3.83802e-07
                  2.5088                -14.2822                      -9                       1             4.11977e-07
                  2.5088                -14.2822                      -3                       1             0.000454445
                  2.5088                -8.28215                     -15                       1             3.33927e-06
                  2.5088                -8.28215                      -9                       1             5.71866e-05
                  2.5088                -8.28215                      -3                       1             0.000107348
                  2.5088                -2.28215                     -15                       1             0.000527968
                  2.5088                -2.28215                      -9                       1             7.03496e-06
                  2.5088                -2.28215                      -3                       1              0.00400763
                 8.50878                -14.2822                     -15                       1             8.31008e-10
                 8.50878                -14.2822                      -9                       1             3.41789e-06
                 8.50878                -14.2822                      -3                       1             3.13378e-05
                 8.50878                -8.28215                     -15                       1             2.42595e-05
                 8.50878                -8.28215                      -9                       1             1.86656e-06
                 8.50878                -8.28215                      -3                       1             0.000719341
                 8.50878                -2.28215                     -15                       1             1.43458e-06
                 8.50878                -2.28215                      -9                       1             0.000573323
                 8.50878                -2.28215                      -3                       1             0.000345932
                 14.5088                -14.2822                     -15                       1             3.04405e-05
                 14.5088                -14.2822                      -9                       1              0.00221227
                 14.5088                -14.2822                      -3                       1             1.53531e-05
                 14.5088                -8.28215                     -15                       1             3.38792e-05
                 14.5088                -8.28215                      -9                       1             2.48564e-05
                 14.5088                -8.28215                      -3                       1             7.58467e-06
                 14.5088                -2.28215                     -15                       1             5.32009e-08
                 14.5088                -2.28215                      -9                       1             0.000566502
                 14.5088                -2.28215                      -3                       1             1.49069e-07
                  2.5088                -14.2822                       3                       1             3.83802e-07
                  2.5088                -14.2822                       9                       1             4.11977e-07
                  2.5088                -14.2822                      15                       1             0.000454445
                  2.5088                -8.28215                       3                       1             3.33927e-06
                  2.5088                -8.28215                       9                       1             5.71866e-05
                  2.5088                -8.28215                      15                       1             0.000107348
                  2.5088                -2.28215                       3                       1             0.000527968
                  2.5088                -2.28215                       9                       1             7.03496e-06
                  2.5088                -2.28215                      15                       1              0.00400763
                 8.50878                -14.2822                       3                       1             8.31008e-10
                 8.50878                -14.2822                       9                       1             3.41789e-06
                 8.50878                -14.2822                      15                       1             3.13378e-05
                 8.50878                -8.28215                       3                       1             2.42595e-05
                 8.50878                -8.28215                       9                       1             1.86656e-06
                 8.50878                -8.28215                      15                       1             0.000719341
                 8.50878                -2.28215                       3                       1             1.43458e-06
                 8.50878                -2.28215                       9                       1             0.000573323
                 8.50878                -2.28215                      15                       1             0.000345932
                 14.5088                -14.2822                       3                       1             3.04405e-05
                 14.5088                -14.2822                       9                       1              0.00221227
                 14.5088                -14.2822                      15                       1             1.53531e-05
                 14.5088                -8.28215                       3                       1             3.38792e-05
                 14.5088                -8.28215                       9                       1             2.48564e-05
                 14.5088                -8.28215                      15                       1             7.58467e-06
                 14.5088                -2.28215                       3                       1             5.32009e-08
                 14.5088                -2.28215                       9                       1             0.000566502
                 14.5088                -2.28215                      15                       1             1.49069e-07
                  2.5088                  3.7178                     -15                       1             3.83802e-07
                  2.5088                  3.7178                      -9                       1             4.11977e-07
                  2.5088                  3.7178                      -3                       1             0.000454445
                  2.5088                 9.71785                     -15                       1             3.33927e-06
                  2.5088                 9.71785                      -9                       1             5.71866e-05
                  2.5088                 9.71785                      -3                       1             0.000107348
                  2.5088                 15.7179                     -15                       1             0.000527968
                  2.5088                 15.7179                      -9                       1             7.03496e-06
                  2.5088                 15.7179                      -3                       1              0.00400763
                 8.50878                  3.7178                     -15                       1             8.31008e-10
                 8.50878                  3.7178                      -9                       1             3.41789e-06
                 8.50878                  3.7178                      -3                       1             3.13378e-05
                 8.50878                 9.71785                     -15                       1             2.42595e-05
                 8.50878                 9.71785                      -9                       1             1.86656e-06
                 8.50878                 9.71785                      -3                       1             0.000719341
                 8.50878                 15.7179                     -15                       1             1.43458e-06
                 8.50878                 15.7179                      -9                       1             0.000573323
                 8.50878                 15.7179                      -3                       1             0.000345932
                 14.5088                  3.7178                     -15                       1             3.04405e-05
                 14.5088                  3.7178                      -9                       1              0.00221227
                 14.5088                  3.7178                      -3                       1             1.53531e-05
                 14.5088                 9.71785                     -15                       1             3.38792e-05
                 14.5088                 9.71785                      -9                       1             2.48564e-05
                 14.5088                 9.71785                      -3                       1             7.58467e-06
                 14.5088                 15.7179                     -15                       1             5.32009e-08
                 14.5088                 15.7179                      -9                       1             0.000566502
                 14.5088                 15.7179                      -3                       1             1.49069e-07
                  2.5088                  3.7178                       3                       1             3.83802e-07
                  2.5088                  3.7178                       9                       1             4.11977e-07
                  2.5088                  3.7178                      15                       1             0.000454445
                  2.5088                 9.71785                       3                       1             3.33927e-06
                  2.5088                 9.71785                       9                       1             5.71866e-05
                  2.5088                 9.71785                      15                       1             0.000107348
                  2.5088                 15.7179                       3                       1             0.000527968
                  2.5088                 15.7179                       9                       1             7.03496e-06
                  2.5088                 15.7179                      15                       1              0.00400763
                 8.50878                  3.7178                       3                       1             8.31008e-10
                 8.50878                  3.7178                       9                       1             3.41789e-06
                 8.50878                  3.7178                      15                       1             3.13378e-05
                 8.50878                 9.71785                       3                       1             2.42595e-05
                 8.50878                 9.71785                       9                       1             1.86656e-06
                 8.50878                 9.71785                      15                       1             0.000719341
                 8.50878                 15.7179                       3                       1             1.43458e-06
                 8.50878                 15.7179                       9                       1             0.000573323
                 8.50878                 15.7179                      15                       1             0.000345932
                 14.5088                  3.7178                       3                       1             3.04405e-05
                 14.5088                  3.7178                       9                       1              0.00221227
                 14.5088                  3.7178                      15                       1             1.53531e-05
                 14.5088                 9.71785                       3                       1             3.38792e-05
                 14.5088                 9.71785                       9                       1             2.48564e-05
                 14.5088                 9.71785                      15                       1             7.58467e-06
                 14.5088                 15.7179                       3                       1             5.32009e-08
                 14.5088                 15.7179                       9                       1             0.000566502
                 14.5088                 15.7179                      15                       1             1.49069e-07
