                -15.4912                -14.2822                     -15                       0             1.58793e-05
                -15.4912                -14.2822                      -9                       0             0.000361174
                -15.4912                -14.2822                      -3                       0             2.90423e-05
                -15.4912                -8.28215                     -15                       0             2.89838e-05
                -15.4912                -8.28215                      -9                       0             0.000153214
                -15.4912                -8.28215                      -3                       0               0.0865274
                -15.4912                -2.28215                     -15                       0              0.00131869
                -15.4912                -2.28215                      -9                       0             1.56138e-05
                -15.4912                -2.28215                      -3                       0             1.78977e-06
                -9.49122                -14.2822                     -15                       0             6.81793e-07
                -9.49122                -14.2822                      -9                       0             1.28876e-06
                -9.49122                -14.2822                      -3                       0             1.05102e-08
                -9.49122                -8.28215                     -15                       0             7.99521e-07
                -9.49122                -8.28215                      -9                       0             1.25335e-05
                -9.49122                -8.28215                      -3                       0             1.91988e-05
                -9.49122                -2.28215                     -15                       0             0.000109357
                -9.49122                -2.28215                      -9                       0              0.00577493
                -9.49122                -2.28215                      -3                       0             6.98157e-06
                -3.49122                -14.2822                     -15                       0               0.0027541
                -3.49122                -14.2822                      -9                       0             8.49814e-06
                -3.49122                -14.2822                      -3                       0             1.58222e-07
                -3.49122                -8.28215                     -15                       0             4.11739e-06
                -3.49122                -8.28215                      -9                       0               0.0162978
                -3.49122                -8.28215                      -3                       0             5.31816e-06
                -3.49122                -2.28215                     -15                       0             2.43278e-06
                -3.49122                -2.28215                      -9                       0             5.60169e-07
                -3.49122                -2.28215                      -3                       0              0.00182887
                -15.4912                -14.2822                       3                       0             1.58793e-05
                -15.4912                -14.2822                       9                       0             0.000361174
                -15.4912                -14.2822                      15                       0             2.90423e-05
                -15.4912                -8.28215                       3                       0             2.89838e-05
                -15.4912                -8.28215                       9                       0             0.000153214
                -15.4912                -8.28215                      15                       0               0.0865274
                -15.4912                -2.28215                       3                       0              0.00131869
                -15.4912                -2.28215                       9                       0             1.56138e-05
                -15.4912                -2.28215                      15                       0             1.78977e-06
                -9.49122                -14.2822                       3                       0             6.81793e-07
                -9.49122                -14.2822                       9                       0             1.28876e-06
                -9.49122                -14.2822                      15                       0             1.05102e-08
                -9.49122                -8.28215                       3                       0             7.99521e-07
                -9.49122                -8.28215                       9                       0             1.25335e-05
                -9.49122                -8.28215                      15                       0             1.91988e-05
                -9.49122                -2.28215                       3                       0             0.000109357
                -9.49122                -2.28215                       9                       0              0.00577493
                -9.49122                -2.28215                      15                       0             6.98157e-06
                -3.49122                -14.2822                       3                       0               0.0027541
                -3.49122                -14.2822                       9                       0             8.49814e-06
                -3.49122                -14.2822                      15                       0             1.58222e-07
                -3.49122                -8.28215                       3                       0             4.11739e-06
                -3.49122                -8.28215                       9                       0               0.0162978
                -3.49122                -8.28215                      15                       0             5.31816e-06
                -3.49122                -2.28215                       3                       0             2.43278e-06
                -3.49122                -2.28215                       9                       0             5.60169e-07
                -3.49122                -2.28215                      15                       0              0.00182887
                -15.4912                  3.7178                     -15                       0             1.58793e-05
                -15.4912                  3.7178                      -9                       0             0.000361174
                -15.4912                  3.7178                      -3                       0             2.90423e-05
                -15.4912                 9.71785                     -15                       0             2.89838e-05
                -15.4912                 9.71785                      -9                       0             0.000153214
                -15.4912                 9.71785                      -3                       0               0.0865274
                -15.4912                 15.7179                     -15                       0              0.00131869
                -15.4912                 15.7179                      -9                       0             1.56138e-05
                -15.4912                 15.7179                      -3                       0             1.78977e-06
                -9.49122                  3.7178                     -15                       0             6.81793e-07
                -9.49122                  3.7178                      -9                       0             1.28876e-06
                -9.49122                  3.7178                      -3                       0             1.05102e-08
                -9.49122                 9.71785                     -15                       0             7.99521e-07
                -9.49122                 9.71785                      -9                       0             1.25335e-05
                -9.49122                 9.71785                      -3                       0             1.91988e-05
                -9.49122                 15.7179                     -15                       0             0.000109357
                -9.49122                 15.7179                      -9                       0              0.00577493
                -9.49122                 15.7179                      -3                       0             6.98157e-06
                -3.49122                  3.7178                     -15                       0               0.0027541
                -3.49122                  3.7178                      -9                       0             8.49814e-06
                -3.49122                  3.7178                      -3                       0             1.58222e-07
                -3.49122                 9.71785                     -15                       0             4.11739e-06
                -3.49122                 9.71785                      -9                       0               0.0162978
                -3.49122                 9.71785                      -3                       0             5.31816e-06
                -3.49122                 15.7179                     -15                       0             2.43278e-06
                -3.49122                 15.7179                      -9                       0             5.60169e-07
                -3.49122                 15.7179                      -3                       0              0.00182887
                -15.4912                  3.7178                       3                       0             1.58793e-05
                -15.4912                  3.7178                       9                       0             0.000361174
                -15.4912                  3.7178                      15                       0             2.90423e-05
                -15.4912                 9.71785                       3                       0             2.89838e-05
                -15.4912                 9.71785                       9                       0             0.000153214
                -15.4912                 9.71785                      15                       0               0.0865274
                -15.4912                 15.7179                       3                       0              0.00131869
                -15.4912                 15.7179                       9                       0             1.56138e-05
                -15.4912                 15.7179                      15                       0             1.78977e-06
                -9.49122                  3.7178                       3                       0             6.81793e-07
                -9.49122                  3.7178                       9                       0             1.28876e-06
                -9.49122                  3.7178                      15                       0             1.05102e-08
                -9.49122                 9.71785                       3                       0             7.99521e-07
                -9.49122                 9.71785                       9                       0             1.25335e-05
                -9.49122                 9.71785                      15                       0             1.91988e-05
                -9.49122                 15.7179                       3                       0             0.000109357
                -9.49122                 15.7179                       9                       0              0.00577493
                -9.49122                 15.7179                      15                       0             6.98157e-06
                -3.49122                  3.7178                       3                       0               0.0027541
                -3.49122                  3.7178                       9                       0             8.49814e-06
                -3.49122                  3.7178                      15                       0             1.58222e-07
                -3.49122                 9.71785                       3                       0             4.11739e-06
                -3.49122                 9.71785                       9                       0               0.0162978
                -3.49122                 9.71785                      15                       0             5.31816e-06
                -3.49122                 15.7179                       3                       0             2.43278e-06
                -3.49122                 15.7179                       9                       0             5.60169e-07
                -3.49122                 15.7179                      15                       0              0.00182887
                  2.5088                -14.2822                     -15                       0             1.58793e-05
                  2.5088                -14.2822                      -9                       0             0.000361174
                  2.5088                -14.2822                      -3                       0             2.90423e-05
                  2.5088                -8.28215                     -15                       0             2.89838e-05
                  2.5088                -8.28215                      -9                       0             0.000153214
                  2.5088                -8.28215                      -3                       0               0.0865274
                  2.5088                -2.28215                     -15                       0              0.00131869
                  2.5088                -2.28215                      -9                       0             1.56138e-05
                  2.5088                -2.28215                      -3                       0             1.78977e-06
                 8.50878                -14.2822                     -15                       0             6.81793e-07
                 8.50878                -14.2822                      -9                       0             1.28876e-06
                 8.50878                -14.2822                      -3                       0             1.05102e-08
                 8.50878                -8.28215                     -15                       0             7.99521e-07
                 8.50878                -8.28215                      -9                       0             1.25335e-05
                 8.50878                -8.28215                      -3                       0             1.91988e-05
                 8.50878                -2.28215                     -15                       0             0.000109357
                 8.50878                -2.28215                      -9                       0              0.00577493
                 8.50878                -2.28215                      -3                       0             6.98157e-06
                 14.5088                -14.2822                     -15                       0               0.0027541
                 14.5088                -14.2822                      -9                       0             8.49814e-06
                 14.5088                -14.2822                      -3                       0             1.58222e-07
                 14.5088                -8.28215                     -15                       0             4.11739e-06
                 14.5088                -8.28215                      -9                       0               0.0162978
                 14.5088                -8.28215                      -3                       0             5.31816e-06
                 14.5088                -2.28215                     -15                       0             2.43278e-06
                 14.5088                -2.28215                      -9                       0             5.60169e-07
                 14.5088                -2.28215                      -3                       0              0.00182887
                  2.5088                -14.2822                       3                       0             1.58793e-05
                  2.5088                -14.2822                       9                       0             0.000361174
                  2.5088                -14.2822                      15                       0             2.90423e-05
                  2.5088                -8.28215                       3                       0             2.89838e-05
                  2.5088                -8.28215                       9                       0             0.000153214
                  2.5088                -8.28215                      15                       0               0.0865274
                  2.5088                -2.28215                       3                       0              0.00131869
                  2.5088                -2.28215                       9                       0             1.56138e-05
                  2.5088                -2.28215                      15                       0             1.78977e-06
                 8.50878                -14.2822                       3                       0             6.81793e-07
                 8.50878                -14.2822                       9                       0             1.28876e-06
                 8.50878                -14.2822                      15                       0             1.05102e-08
                 8.50878                -8.28215                       3                       0             7.99521e-07
                 8.50878                -8.28215                       9                       0             1.25335e-05
                 8.50878                -8.28215                      15                       0             1.91988e-05
                 8.50878                -2.28215                       3                       0             0.000109357
                 8.50878                -2.28215                       9                       0              0.00577493
                 8.50878                -2.28215                      15                       0             6.98157e-06
                 14.5088                -14.2822                       3                       0               0.0027541
                 14.5088                -14.2822                       9                       0             8.49814e-06
                 14.5088                -14.2822                      15                       0             1.58222e-07
                 14.5088                -8.28215                       3                       0             4.11739e-06
                 14.5088                -8.28215                       9                       0               0.0162978
                 14.5088                -8.28215                      15                       0             5.31816e-06
                 14.5088                -2.28215                       3                       0             2.43278e-06
                 14.5088                -2.28215                       9                       0             5.60169e-07
                 14.5088                -2.28215                      15                       0              0.00182887
                  2.5088                  3.7178                     -15                       0             1.58793e-05
                  2.5088                  3.7178                      -9                       0             0.000361174
                  2.5088                  3.7178                      -3                       0             2.90423e-05
                  2.5088                 9.71785                     -15                       0             2.89838e-05
                  2.5088                 9.71785                      -9                       0             0.000153214
                  2.5088                 9.71785                      -3                       0               0.0865274
                  2.5088                 15.7179                     -15                       0              0.00131869
                  2.5088                 15.7179                      -9                       0             1.56138e-05
                  2.5088                 15.7179                      -3                       0             1.78977e-06
                 8.50878                  3.7178                     -15                       0             6.81793e-07
                 8.50878                  3.7178                      -9                       0             1.28876e-06
                 8.50878                  3.7178                      -3                       0             1.05102e-08
                 8.50878                 9.71785                     -15                       0             7.99521e-07
                 8.50878                 9.71785                      -9                       0             1.25335e-05
                 8.50878                 9.71785                      -3                       0             1.91988e-05
                 8.50878                 15.7179                     -15                       0             0.000109357
                 8.50878                 15.7179                      -9                       0              0.00577493
                 8.50878                 15.7179                      -3                       0             6.98157e-06
                 14.5088                  3.7178                     -15                       0               0.0027541
                 14.5088                  3.7178                      -9                       0             8.49814e-06
                 14.5088                  3.7178                      -3                       0             1.58222e-07
                 14.5088                 9.71785                     -15                       0             4.11739e-06
                 14.5088                 9.71785                      -9                       0               0.0162978
                 14.5088                 9.71785                      -3                       0             5.31816e-06
                 14.5088                 15.7179                     -15                       0             2.43278e-06
                 14.5088                 15.7179                      -9                       0             5.60169e-07
                 14.5088                 15.7179                      -3                       0              0.00182887
                  2.5088                  3.7178                       3                       0             1.58793e-05
                  2.5088                  3.7178                       9                       0             0.000361174
                  2.5088                  3.7178                      15                       0             2.90423e-05
                  2.5088                 9.71785                       3                       0             2.89838e-05
                  2.5088                 9.71785                       9                       0             0.000153214
                  2.5088                 9.71785                      15                       0               0.0865274
                  2.5088                 15.7179                       3                       0              0.00131869
                  2.5088                 15.7179                       9                       0             1.56138e-05
                  2.5088                 15.7179                      15                       0             1.78977e-06
                 8.50878                  3.7178                       3                       0             6.81793e-07
                 8.50878                  3.7178                       9                       0             1.28876e-06
                 8.50878                  3.7178                      15                       0             1.05102e-08
                 8.50878                 9.71785                       3                       0             7.99521e-07
                 8.50878                 9.71785                       9                       0             1.25335e-05
                 8.50878                 9.71785                      15                       0             1.91988e-05
                 8.50878                 15.7179                       3                       0             0.000109357
                 8.50878                 15.7179                       9                       0              0.00577493
                 8.50878                 15.7179                      15                       0             6.98157e-06
                 14.5088                  3.7178                       3                       0               0.0027541
                 14.5088                  3.7178                       9                       0             8.49814e-06
                 14.5088                  3.7178                      15                       0             1.58222e-07
                 14.5088                 9.71785                       3                       0             4.11739e-06
                 14.5088                 9.71785                       9                       0               0.0162978
                 14.5088                 9.71785                      15                       0             5.31816e-06
                 14.5088                 15.7179                       3                       0             2.43278e-06
                 14.5088                 15.7179                       9                       0             5.60169e-07
                 14.5088                 15.7179                      15                       0              0.00182887
                -15.4912                -14.2822                     -15                       1             3.80153e-07
                -15.4912                -14.2822                      -9                       1             4.00016e-07
                -15.4912                -14.2822                      -3                       1             0.000455223
                -15.4912                -8.28215                     -15                       1             3.31894e-06
                -15.4912                -8.28215                      -9                       1             5.56521e-05
                -15.4912                -8.28215                      -3                       1             0.000107541
                -15.4912                -2.28215                     -15                       1              0.00052652
                -15.4912                -2.28215                      -9                       1             6.95756e-06
                -15.4912                -2.28215                      -3                       1              0.00401303
                -9.49122                -14.2822                     -15                       1             8.24936e-10
                -9.49122                -14.2822                      -9                       1             3.40505e-06
                -9.49122                -14.2822                      -3                       1             3.10277e-05
                -9.49122                -8.28215                     -15                       1             2.41883e-05
                -9.49122                -8.28215                      -9                       1             1.84882e-06
                -9.49122                -8.28215                      -3                       1             0.000705733
                -9.49122                -2.28215                     -15                       1             1.40278e-06
                -9.49122                -2.28215                      -9                       1             0.000577952
                -9.49122                -2.28215                      -3                       1             0.000344223
                -3.49122                -14.2822                     -15                       1             3.04774e-05
                -3.49122                -14.2822                      -9                       1              0.00219139
                -3.49122                -14.2822                      -3                       1             1.53793e-05
                -3.49122                -8.28215                     -15                       1             3.36663e-05
                -3.49122                -8.28215                      -9                       1             2.46083e-05
                -3.49122                -8.28215                      -3                       1               7.543e-06
                -3.49122                -2.28215                     -15                       1             5.29713e-08
                -3.49122                -2.28215                      -9                       1             0.000558705
                -3.49122                -2.28215                      -3                       1             1.51461e-07
                -15.4912                -14.2822                       3                       1             3.80153e-07
                -15.4912                -14.2822                       9                       1             4.00016e-07
                -15.4912                -14.2822                      15                       1             0.000455223
                -15.4912                -8.28215                       3                       1             3.31894e-06
                -15.4912                -8.28215                       9                       1             5.56521e-05
                -15.4912                -8.28215                      15                       1             0.000107541
                -15.4912                -2.28215                       3                       1              0.00052652
                -15.4912                -2.28215                       9                       1             6.95756e-06
                -15.4912                -2.28215                      15                       1              0.00401303
                -9.49122                -14.2822                       3                       1             8.24936e-10
                -9.49122                -14.2822                       9                       1             3.40505e-06
                -9.49122                -14.2822                      15                       1             3.10277e-05
                -9.49122                -8.28215                       3                       1             2.41883e-05
                -9.49122                -8.28215                       9                       1             1.84882e-06
                -9.49122                -8.28215                      15                       1             0.000705733
                -9.49122                -2.28215                       3                       1             1.40278e-06
                -9.49122                -2.28215                       9                       1             0.000577952
                -9.49122                -2.28215                      15                       1             0.000344223
                -3.49122                -14.2822                       3                       1             3.04774e-05
                -3.49122                -14.2822                       9                       1              0.00219139
                -3.49122                -14.2822                      15                       1             1.53793e-05
                -3.49122                -8.28215                       3                       1             3.36663e-05
                -3.49122                -8.28215                       9                       1             2.46083e-05
                -3.49122                -8.28215                      15                       1               7.543e-06
                -3.49122                -2.28215                       3                       1             5.29713e-08
                -3.49122                -2.28215                       9                       1             0.000558705
                -3.49122                -2.28215                      15                       1             1.51461e-07
                -15.4912                  3.7178                     -15                       1             3.80153e-07
                -15.4912                  3.7178                      -9                       1             4.00016e-07
                -15.4912                  3.7178                      -3                       1             0.000455223
                -15.4912                 9.71785                     -15                       1             3.31894e-06
                -15.4912                 9.71785                      -9                       1             5.56521e-05
                -15.4912                 9.71785                      -3                       1             0.000107541
                -15.4912                 15.7179                     -15                       1              0.00052652
                -15.4912                 15.7179                      -9                       1             6.95756e-06
                -15.4912                 15.7179                      -3                       1              0.00401303
                -9.49122                  3.7178                     -15                       1             8.24936e-10
                -9.49122                  3.7178                      -9                       1             3.40505e-06
                -9.49122                  3.7178                      -3                       1             3.10277e-05
                -9.49122                 9.71785                     -15                       1             2.41883e-05
                -9.49122                 9.71785                      -9                       1             1.84882e-06
                -9.49122                 9.71785                      -3                       1             0.000705733
                -9.49122                 15.7179                     -15                       1             1.40278e-06
                -9.49122                 15.7179                      -9                       1             0.000577952
                -9.49122                 15.7179                      -3                       1             0.000344223
                -3.49122                  3.7178                     -15                       1             3.04774e-05
                -3.49122                  3.7178                      -9                       1              0.00219139
                -3.49122                  3.7178                      -3                       1             1.53793e-05
                -3.49122                 9.71785                     -15                       1             3.36663e-05
                -3.49122                 9.71785                      -9                       1             2.46083e-05
                -3.49122                 9.71785                      -3                       1               7.543e-06
                -3.49122                 15.7179                     -15                       1             5.29713e-08
                -3.49122                 15.7179                      -9                       1             0.000558705
                -3.49122                 15.7179                      -3                       1             1.51461e-07
                -15.4912                  3.7178                       3                       1             3.80153e-07
                -15.4912                  3.7178                       9                       1             4.00016e-07
                -15.4912                  3.7178                      15                       1             0.000455223
                -15.4912                 9.71785                       3                       1             3.31894e-06
                -15.4912                 9.71785                       9                       1             5.56521e-05
                -15.4912                 9.71785                      15                       1             0.000107541
                -15.4912                 15.7179                       3                       1              0.00052652
                -15.4912                 15.7179                       9                       1             6.95756e-06
                -15.4912                 15.7179                      15                       1              0.00401303
                -9.49122                  3.7178                       3                       1             8.24936e-10
                -9.49122                  3.7178                       9                       1             3.40505e-06
                -9.49122                  3.7178                      15                       1             3.10277e-05
                -9.49122                 9.71785                       3                       1             2.41883e-05
                -9.49122                 9.71785                       9                       1             1.84882e-06
                -9.49122                 9.71785                      15                       1             0.000705733
                -9.49122                 15.7179                       3                       1             1.40278e-06
                -9.49122                 15.7179                       9                       1             0.000577952
                -9.49122                 15.7179                      15                       1             0.000344223
                -3.49122                  3.7178                       3                       1             3.04774e-05
                -3.49122                  3.7178                       9                       1              0.00219139
                -3.49122                  3.7178                      15                       1             1.53793e-05
                -3.49122                 9.71785                       3                       1             3.36663e-05
                -3.49122                 9.71785                       9                       1             2.46083e-05
                -3.49122                 9.71785                      15                       1               7.543e-06
                -3.49122                 15.7179                       3                       1             5.29713e-08
                -3.49122                 15.7179                       9                       1             0.000558705
                -3.49122                 15.7179                      15                       1             1.51461e-07
                  2.5088                -14.2822                     -15                       1             3.80153e-07
                  2.5088                -14.2822                      -9                       1             4.00016e-07
                  2.5088                -14.2822                      -3                       1             0.000455223
                  2.5088                -8.28215                     -15                       1             3.31894e-06
                  2.5088                -8.28215                      -9                       1             5.56521e-05
                  2.5088                -8.28215                      -3                       1             0.000107541
                  2.5088                -2.28215                     -15                       1              0.00052652
                  2.5088                -2.28215                      -9                       1             6.95756e-06
                  2.5088                -2.28215                      -3                       1              0.00401303
                 8.50878                -14.2822                     -15                       1             8.24936e-10
                 8.50878                -14.2822                      -9                       1             3.40505e-06
                 8.50878                -14.2822                      -3                       1             3.10277e-05
                 8.50878                -8.28215                     -15                       1             2.41883e-05
                 8.50878                -8.28215                      -9                       1             1.84882e-06
                 8.50878                -8.28215                      -3                       1             0.000705733
                 8.50878                -2.28215                     -15                       1             1.40278e-06
                 8.50878                -2.28215                      -9                       1             0.000577952
                 8.50878                -2.28215                      -3                       1             0.000344223
                 14.5088                -14.2822                     -15                       1             3.04774e-05
                 14.5088                -14.2822                      -9                       1              0.00219139
                 14.5088                -14.2822                      -3                       1             1.53793e-05
                 14.5088                -8.28215                     -15                       1             3.36663e-05
                 14.5088                -8.28215                      -9                       1             2.46083e-05
                 14.5088                -8.28215                      -3                       1               7.543e-06
                 14.5088                -2.28215                     -15                       1             5.29713e-08
                 14.5088                -2.28215                      -9                       1             0.000558705
                 14.5088                -2.28215                      -3                       1             1.51461e-07
                  2.5088                -14.2822                       3                       1             3.80153e-07
                  2.5088                -14.2822                       9                       1             4.00016e-07
                  2.5088                -14.2822                      15                       1             0.000455223
                  2.5088                -8.28215                       3                       1             3.31894e-06
                  2.5088                -8.28215                       9                       1             5.56521e-05
                  2.5088                -8.28215                      15                       1             0.000107541
                  2.5088                -2.28215                       3                       1              0.00052652
                  2.5088                -2.28215                       9                       1             6.95756e-06
                  2.5088                -2.28215                      15                       1              0.00401303
                 8.50878                -14.2822                       3                       1             8.24936e-10
                 8.50878                -14.2822                       9                       1             3.40505e-06
                 8.50878                -14.2822                      15                       1             3.10277e-05
                 8.50878                -8.28215                       3                       1             2.41883e-05
                 8.50878                -8.28215                       9                       1             1.84882e-06
                 8.50878                -8.28215                      15                       1             0.000705733
                 8.50878                -2.28215                       3                       1             1.40278e-06
                 8.50878                -2.28215                       9                       1             0.000577952
                 8.50878                -2.28215                      15                       1             0.000344223
                 14.5088                -14.2822                       3                       1             3.04774e-05
                 14.5088                -14.2822                       9                       1              0.00219139
                 14.5088                -14.2822                      15                       1             1.53793e-05
                 14.5088                -8.28215                       3                       1             3.36663e-05
                 14.5088                -8.28215                       9                       1             2.46083e-05
                 14.5088                -8.28215                      15                       1               7.543e-06
                 14.5088                -2.28215                       3                       1             5.29713e-08
                 14.5088                -2.28215                       9                       1             0.000558705
                 14.5088                -2.28215                      15                       1             1.51461e-07
                  2.5088                  3.7178                     -15                       1             3.80153e-07
                  2.5088                  3.7178                      -9                       1             4.00016e-07
                  2.5088                  3.7178                      -3                       1             0.000455223
                  2.5088                 9.71785                     -15                       1             3.31894e-06
                  2.5088                 9.71785                      -9                       1             5.56521e-05
                  2.5088                 9.71785                      -3                       1             0.000107541
                  2.5088                 15.7179                     -15                       1              0.00052652
                  2.5088                 15.7179                      -9                       1             6.95756e-06
                  2.5088                 15.7179                      -3                       1              0.00401303
                 8.50878                  3.7178                     -15                       1             8.24936e-10
                 8.50878                  3.7178                      -9                       1             3.40505e-06
                 8.50878                  3.7178                      -3                       1             3.10277e-05
                 8.50878                 9.71785                     -15                       1             2.41883e-05
                 8.50878                 9.71785                      -9                       1             1.84882e-06
                 8.50878                 9.71785                      -3                       1             0.000705733
                 8.50878                 15.7179                     -15                       1             1.40278e-06
                 8.50878                 15.7179                      -9                       1             0.000577952
                 8.50878                 15.7179                      -3                       1             0.000344223
                 14.5088                  3.7178                     -15                       1             3.04774e-05
                 14.5088                  3.7178                      -9                       1              0.00219139
                 14.5088                  3.7178                      -3                       1             1.53793e-05
                 14.5088                 9.71785                     -15                       1             3.36663e-05
                 14.5088                 9.71785                      -9                       1             2.46083e-05
                 14.5088                 9.71785                      -3                       1               7.543e-06
                 14.5088                 15.7179                     -15                       1             5.29713e-08
                 14.5088                 15.7179                      -9                       1             0.000558705
                 14.5088                 15.7179                      -3                       1             1.51461e-07
                  2.5088                  3.7178                       3                       1             3.80153e-07
                  2.5088                  3.7178                       9                       1             4.00016e-07
                  2.5088                  3.7178                      15                       1             0.000455223
                  2.5088                 9.71785                       3                       1             3.31894e-06
                  2.5088                 9.71785                       9                       1             5.56521e-05
                  2.5088                 9.71785                      15                       1             0.000107541
                  2.5088                 15.7179                       3                       1              0.00052652
                  2.5088                 15.7179                       9                       1             6.95756e-06
                  2.5088                 15.7179                      15                       1              0.00401303
                 8.50878                  3.7178                       3                       1             8.24936e-10
                 8.50878                  3.7178                       9                       1             3.40505e-06
                 8.50878                  3.7178                      15                       1             3.10277e-05
                 8.50878                 9.71785                       3                       1             2.41883e-05
                 8.50878                 9.71785                       9                       1             1.84882e-06
                 8.50878                 9.71785                      15                       1             0.000705733
                 8.50878                 15.7179                       3                       1             1.40278e-06
                 8.50878                 15.7179                       9                       1             0.000577952
                 8.50878                 15.7179                      15                       1             0.000344223
                 14.5088                  3.7178                       3                       1             3.04774e-05
                 14.5088                  3.7178                       9                       1              0.00219139
                 14.5088                  3.7178                      15                       1             1.53793e-05
                 14.5088                 9.71785                       3                       1             3.36663e-05
                 14.5088                 9.71785                       9                       1             2.46083e-05
                 14.5088                 9.71785                      15                       1               7.543e-06
                 14.5088                 15.7179                       3                       1             5.29713e-08
                 14.5088                 15.7179                       9                       1             0.000558705
                 14.5088                 15.7179                      15                       1             1.51461e-07
