                -15.4912                -14.2822                     -15                       0             1.60014e-05
                -15.4912                -14.2822                      -9                       0             0.000359584
                -15.4912                -14.2822                      -3                       0             2.90676e-05
                -15.4912                -8.28215                     -15                       0             2.92094e-05
                -15.4912                -8.28215                      -9                       0             0.000152519
                -15.4912                -8.28215                      -3                       0               0.0865947
                -15.4912                -2.28215                     -15                       0              0.00132978
                -15.4912                -2.28215                      -9                       0             1.55476e-05
                -15.4912                -2.28215                      -3                       0             1.79121e-06
                -9.49122                -14.2822                     -15                       0             6.86829e-07
                -9.49122                -14.2822                      -9                       0             1.28307e-06
                -9.49122                -14.2822                      -3                       0             1.05196e-08
                -9.49122                -8.28215                     -15                       0             8.05662e-07
                -9.49122                -8.28215                      -9                       0             1.24776e-05
                -9.49122                -8.28215                      -3                       0             1.92151e-05
                -9.49122                -2.28215                     -15                       0              0.00011021
                -9.49122                -2.28215                      -9                       0              0.00575034
                -9.49122                -2.28215                      -3                       0             6.98866e-06
                -3.49122                -14.2822                     -15                       0              0.00277299
                -3.49122                -14.2822                      -9                       0             8.46137e-06
                -3.49122                -14.2822                      -3                       0              1.5836e-07
                -3.49122                -8.28215                     -15                       0             4.14774e-06
                -3.49122                -8.28215                      -9                       0               0.0162284
                -3.49122                -8.28215                      -3                       0             5.32274e-06
                -3.49122                -2.28215                     -15                       0             2.45127e-06
                -3.49122                -2.28215                      -9                       0             5.57766e-07
                -3.49122                -2.28215                      -3                       0               0.0018304
                -15.4912                -14.2822                       3                       0             1.60014e-05
                -15.4912                -14.2822                       9                       0             0.000359584
                -15.4912                -14.2822                      15                       0             2.90676e-05
                -15.4912                -8.28215                       3                       0             2.92094e-05
                -15.4912                -8.28215                       9                       0             0.000152519
                -15.4912                -8.28215                      15                       0               0.0865947
                -15.4912                -2.28215                       3                       0              0.00132978
                -15.4912                -2.28215                       9                       0             1.55476e-05
                -15.4912                -2.28215                      15                       0             1.79121e-06
                -9.49122                -14.2822                       3                       0             6.86829e-07
                -9.49122                -14.2822                       9                       0             1.28307e-06
                -9.49122                -14.2822                      15                       0             1.05196e-08
                -9.49122                -8.28215                       3                       0             8.05662e-07
                -9.49122                -8.28215                       9                       0             1.24776e-05
                -9.49122                -8.28215                      15                       0             1.92151e-05
                -9.49122                -2.28215                       3                       0              0.00011021
                -9.49122                -2.28215                       9                       0              0.00575034
                -9.49122                -2.28215                      15                       0             6.98866e-06
                -3.49122                -14.2822                       3                       0              0.00277299
                -3.49122                -14.2822                       9                       0             8.46137e-06
                -3.49122                -14.2822                      15                       0              1.5836e-07
                -3.49122                -8.28215                       3                       0             4.14774e-06
                -3.49122                -8.28215                       9                       0               0.0162284
                -3.49122                -8.28215                      15                       0             5.32274e-06
                -3.49122                -2.28215                       3                       0             2.45127e-06
                -3.49122                -2.28215                       9                       0             5.57766e-07
                -3.49122                -2.28215                      15                       0               0.0018304
                -15.4912                  3.7178                     -15                       0             1.60014e-05
                -15.4912                  3.7178                      -9                       0             0.000359584
                -15.4912                  3.7178                      -3                       0             2.90676e-05
                -15.4912                 9.71785                     -15                       0             2.92094e-05
                -15.4912                 9.71785                      -9                       0             0.000152519
                -15.4912                 9.71785                      -3                       0               0.0865947
                -15.4912                 15.7179                     -15                       0              0.00132978
                -15.4912                 15.7179                      -9                       0             1.55476e-05
                -15.4912                 15.7179                      -3                       0             1.79121e-06
                -9.49122                  3.7178                     -15                       0             6.86829e-07
                -9.49122                  3.7178                      -9                       0             1.28307e-06
                -9.49122                  3.7178                      -3                       0             1.05196e-08
                -9.49122                 9.71785                     -15                       0             8.05662e-07
                -9.49122                 9.71785                      -9                       0             1.24776e-05
                -9.49122                 9.71785                      -3                       0             1.92151e-05
                -9.49122                 15.7179                     -15                       0              0.00011021
                -9.49122                 15.7179                      -9                       0              0.00575034
                -9.49122                 15.7179                      -3                       0             6.98866e-06
                -3.49122                  3.7178                     -15                       0              0.00277299
                -3.49122                  3.7178                      -9                       0             8.46137e-06
                -3.49122                  3.7178                      -3                       0              1.5836e-07
                -3.49122                 9.71785                     -15                       0             4.14774e-06
                -3.49122                 9.71785                      -9                       0               0.0162284
                -3.49122                 9.71785                      -3                       0             5.32274e-06
                -3.49122                 15.7179                     -15                       0             2.45127e-06
                -3.49122                 15.7179                      -9                       0             5.57766e-07
                -3.49122                 15.7179                      -3                       0               0.0018304
                -15.4912                  3.7178                       3                       0             1.60014e-05
                -15.4912                  3.7178                       9                       0             0.000359584
                -15.4912                  3.7178                      15                       0             2.90676e-05
                -15.4912                 9.71785                       3                       0             2.92094e-05
                -15.4912                 9.71785                       9                       0             0.000152519
                -15.4912                 9.71785                      15                       0               0.0865947
                -15.4912                 15.7179                       3                       0              0.00132978
                -15.4912                 15.7179                       9                       0             1.55476e-05
                -15.4912                 15.7179                      15                       0             1.79121e-06
                -9.49122                  3.7178                       3                       0             6.86829e-07
                -9.49122                  3.7178                       9                       0             1.28307e-06
                -9.49122                  3.7178                      15                       0             1.05196e-08
                -9.49122                 9.71785                       3                       0             8.05662e-07
                -9.49122                 9.71785                       9                       0             1.24776e-05
                -9.49122                 9.71785                      15                       0             1.92151e-05
                -9.49122                 15.7179                       3                       0              0.00011021
                -9.49122                 15.7179                       9                       0              0.00575034
                -9.49122                 15.7179                      15                       0             6.98866e-06
                -3.49122                  3.7178                       3                       0              0.00277299
                -3.49122                  3.7178                       9                       0             8.46137e-06
                -3.49122                  3.7178                      15                       0              1.5836e-07
                -3.49122                 9.71785                       3                       0             4.14774e-06
                -3.49122                 9.71785                       9                       0               0.0162284
                -3.49122                 9.71785                      15                       0             5.32274e-06
                -3.49122                 15.7179                       3                       0             2.45127e-06
                -3.49122                 15.7179                       9                       0             5.57766e-07
                -3.49122                 15.7179                      15                       0               0.0018304
                  2.5088                -14.2822                     -15                       0             1.60014e-05
                  2.5088                -14.2822                      -9                       0             0.000359584
                  2.5088                -14.2822                      -3                       0             2.90676e-05
                  2.5088                -8.28215                     -15                       0             2.92094e-05
                  2.5088                -8.28215                      -9                       0             0.000152519
                  2.5088                -8.28215                      -3                       0               0.0865947
                  2.5088                -2.28215                     -15                       0              0.00132978
                  2.5088                -2.28215                      -9                       0             1.55476e-05
                  2.5088                -2.28215                      -3                       0             1.79121e-06
                 8.50878                -14.2822                     -15                       0             6.86829e-07
                 8.50878                -14.2822                      -9                       0             1.28307e-06
                 8.50878                -14.2822                      -3                       0             1.05196e-08
                 8.50878                -8.28215                     -15                       0             8.05662e-07
                 8.50878                -8.28215                      -9                       0             1.24776e-05
                 8.50878                -8.28215                      -3                       0             1.92151e-05
                 8.50878                -2.28215                     -15                       0              0.00011021
                 8.50878                -2.28215                      -9                       0              0.00575034
                 8.50878                -2.28215                      -3                       0             6.98866e-06
                 14.5088                -14.2822                     -15                       0              0.00277299
                 14.5088                -14.2822                      -9                       0             8.46137e-06
                 14.5088                -14.2822                      -3                       0              1.5836e-07
                 14.5088                -8.28215                     -15                       0             4.14774e-06
                 14.5088                -8.28215                      -9                       0               0.0162284
                 14.5088                -8.28215                      -3                       0             5.32274e-06
                 14.5088                -2.28215                     -15                       0             2.45127e-06
                 14.5088                -2.28215                      -9                       0             5.57766e-07
                 14.5088                -2.28215                      -3                       0               0.0018304
                  2.5088                -14.2822                       3                       0             1.60014e-05
                  2.5088                -14.2822                       9                       0             0.000359584
                  2.5088                -14.2822                      15                       0             2.90676e-05
                  2.5088                -8.28215                       3                       0             2.92094e-05
                  2.5088                -8.28215                       9                       0             0.000152519
                  2.5088                -8.28215                      15                       0               0.0865947
                  2.5088                -2.28215                       3                       0              0.00132978
                  2.5088                -2.28215                       9                       0             1.55476e-05
                  2.5088                -2.28215                      15                       0             1.79121e-06
                 8.50878                -14.2822                       3                       0             6.86829e-07
                 8.50878                -14.2822                       9                       0             1.28307e-06
                 8.50878                -14.2822                      15                       0             1.05196e-08
                 8.50878                -8.28215                       3                       0             8.05662e-07
                 8.50878                -8.28215                       9                       0             1.24776e-05
                 8.50878                -8.28215                      15                       0             1.92151e-05
                 8.50878                -2.28215                       3                       0              0.00011021
                 8.50878                -2.28215                       9                       0              0.00575034
                 8.50878                -2.28215                      15                       0             6.98866e-06
                 14.5088                -14.2822                       3                       0              0.00277299
                 14.5088                -14.2822                       9                       0             8.46137e-06
                 14.5088                -14.2822                      15                       0              1.5836e-07
                 14.5088                -8.28215                       3                       0             4.14774e-06
                 14.5088                -8.28215                       9                       0               0.0162284
                 14.5088                -8.28215                      15                       0             5.32274e-06
                 14.5088                -2.28215                       3                       0             2.45127e-06
                 14.5088                -2.28215                       9                       0             5.57766e-07
                 14.5088                -2.28215                      15                       0               0.0018304
                  2.5088                  3.7178                     -15                       0             1.60014e-05
                  2.5088                  3.7178                      -9                       0             0.000359584
                  2.5088                  3.7178                      -3                       0             2.90676e-05
                  2.5088                 9.71785                     -15                       0             2.92094e-05
                  2.5088                 9.71785                      -9                       0             0.000152519
                  2.5088                 9.71785                      -3                       0               0.0865947
                  2.5088                 15.7179                     -15                       0              0.00132978
                  2.5088                 15.7179                      -9                       0             1.55476e-05
                  2.5088                 15.7179                      -3                       0             1.79121e-06
                 8.50878                  3.7178                     -15                       0             6.86829e-07
                 8.50878                  3.7178                      -9                       0             1.28307e-06
                 8.50878                  3.7178                      -3                       0             1.05196e-08
                 8.50878                 9.71785                     -15                       0             8.05662e-07
                 8.50878                 9.71785                      -9                       0             1.24776e-05
                 8.50878                 9.71785                      -3                       0             1.92151e-05
                 8.50878                 15.7179                     -15                       0              0.00011021
                 8.50878                 15.7179                      -9                       0              0.00575034
                 8.50878                 15.7179                      -3                       0             6.98866e-06
                 14.5088                  3.7178                     -15                       0              0.00277299
                 14.5088                  3.7178                      -9                       0             8.46137e-06
                 14.5088                  3.7178                      -3                       0              1.5836e-07
                 14.5088                 9.71785                     -15                       0             4.14774e-06
                 14.5088                 9.71785                      -9                       0               0.0162284
                 14.5088                 9.71785                      -3                       0             5.32274e-06
                 14.5088                 15.7179                     -15                       0             2.45127e-06
                 14.5088                 15.7179                      -9                       0             5.57766e-07
                 14.5088                 15.7179                      -3                       0               0.0018304
                  2.5088                  3.7178                       3                       0             1.60014e-05
                  2.5088                  3.7178                       9                       0             0.000359584
                  2.5088                  3.7178                      15                       0             2.90676e-05
                  2.5088                 9.71785                       3                       0             2.92094e-05
                  2.5088                 9.71785                       9                       0             0.000152519
                  2.5088                 9.71785                      15                       0               0.0865947
                  2.5088                 15.7179                       3                       0              0.00132978
                  2.5088                 15.7179                       9                       0             1.55476e-05
                  2.5088                 15.7179                      15                       0             1.79121e-06
                 8.50878                  3.7178                       3                       0             6.86829e-07
                 8.50878                  3.7178                       9                       0             1.28307e-06
                 8.50878                  3.7178                      15                       0             1.05196e-08
                 8.50878                 9.71785                       3                       0             8.05662e-07
                 8.50878                 9.71785                       9                       0             1.24776e-05
                 8.50878                 9.71785                      15                       0             1.92151e-05
                 8.50878                 15.7179                       3                       0              0.00011021
                 8.50878                 15.7179                       9                       0              0.00575034
                 8.50878                 15.7179                      15                       0             6.98866e-06
                 14.5088                  3.7178                       3                       0              0.00277299
                 14.5088                  3.7178                       9                       0             8.46137e-06
                 14.5088                  3.7178                      15                       0              1.5836e-07
                 14.5088                 9.71785                       3                       0             4.14774e-06
                 14.5088                 9.71785                       9                       0               0.0162284
                 14.5088                 9.71785                      15                       0             5.32274e-06
                 14.5088                 15.7179                       3                       0             2.45127e-06
                 14.5088                 15.7179                       9                       0             5.57766e-07
                 14.5088                 15.7179                      15                       0               0.0018304
                -15.4912                -14.2822                     -15                       1             3.83076e-07
                -15.4912                -14.2822                      -9                       1             3.98254e-07
                -15.4912                -14.2822                      -3                       1              0.00045562
                -15.4912                -8.28215                     -15                       1             3.34477e-06
                -15.4912                -8.28215                      -9                       1             5.53997e-05
                -15.4912                -8.28215                      -3                       1             0.000107633
                -15.4912                -2.28215                     -15                       1             0.000530951
                -15.4912                -2.28215                      -9                       1             6.92803e-06
                -15.4912                -2.28215                      -3                       1              0.00401624
                -9.49122                -14.2822                     -15                       1             8.31028e-10
                -9.49122                -14.2822                      -9                       1             3.39004e-06
                -9.49122                -14.2822                      -3                       1             3.10554e-05
                -9.49122                -8.28215                     -15                       1             2.43741e-05
                -9.49122                -8.28215                      -9                       1             1.84057e-06
                -9.49122                -8.28215                      -3                       1             0.000706334
                -9.49122                -2.28215                     -15                       1             1.41371e-06
                -9.49122                -2.28215                      -9                       1             0.000575478
                -9.49122                -2.28215                      -3                       1             0.000344572
                -3.49122                -14.2822                     -15                       1              3.0687e-05
                -3.49122                -14.2822                      -9                       1              0.00218193
                -3.49122                -14.2822                      -3                       1             1.53928e-05
                -3.49122                -8.28215                     -15                       1             3.39145e-05
                -3.49122                -8.28215                      -9                       1             2.45018e-05
                -3.49122                -8.28215                      -3                       1              7.5495e-06
                -3.49122                -2.28215                     -15                       1             5.33738e-08
                -3.49122                -2.28215                      -9                       1              0.00055631
                -3.49122                -2.28215                      -3                       1             1.51588e-07
                -15.4912                -14.2822                       3                       1             3.83076e-07
                -15.4912                -14.2822                       9                       1             3.98254e-07
                -15.4912                -14.2822                      15                       1              0.00045562
                -15.4912                -8.28215                       3                       1             3.34477e-06
                -15.4912                -8.28215                       9                       1             5.53997e-05
                -15.4912                -8.28215                      15                       1             0.000107633
                -15.4912                -2.28215                       3                       1             0.000530951
                -15.4912                -2.28215                       9                       1             6.92803e-06
                -15.4912                -2.28215                      15                       1              0.00401624
                -9.49122                -14.2822                       3                       1             8.31028e-10
                -9.49122                -14.2822                       9                       1             3.39004e-06
                -9.49122                -14.2822                      15                       1             3.10554e-05
                -9.49122                -8.28215                       3                       1             2.43741e-05
                -9.49122                -8.28215                       9                       1             1.84057e-06
                -9.49122                -8.28215                      15                       1             0.000706334
                -9.49122                -2.28215                       3                       1             1.41371e-06
                -9.49122                -2.28215                       9                       1             0.000575478
                -9.49122                -2.28215                      15                       1             0.000344572
                -3.49122                -14.2822                       3                       1              3.0687e-05
                -3.49122                -14.2822                       9                       1              0.00218193
                -3.49122                -14.2822                      15                       1             1.53928e-05
                -3.49122                -8.28215                       3                       1             3.39145e-05
                -3.49122                -8.28215                       9                       1             2.45018e-05
                -3.49122                -8.28215                      15                       1              7.5495e-06
                -3.49122                -2.28215                       3                       1             5.33738e-08
                -3.49122                -2.28215                       9                       1              0.00055631
                -3.49122                -2.28215                      15                       1             1.51588e-07
                -15.4912                  3.7178                     -15                       1             3.83076e-07
                -15.4912                  3.7178                      -9                       1             3.98254e-07
                -15.4912                  3.7178                      -3                       1              0.00045562
                -15.4912                 9.71785                     -15                       1             3.34477e-06
                -15.4912                 9.71785                      -9                       1             5.53997e-05
                -15.4912                 9.71785                      -3                       1             0.000107633
                -15.4912                 15.7179                     -15                       1             0.000530951
                -15.4912                 15.7179                      -9                       1             6.92803e-06
                -15.4912                 15.7179                      -3                       1              0.00401624
                -9.49122                  3.7178                     -15                       1             8.31028e-10
                -9.49122                  3.7178                      -9                       1             3.39004e-06
                -9.49122                  3.7178                      -3                       1             3.10554e-05
                -9.49122                 9.71785                     -15                       1             2.43741e-05
                -9.49122                 9.71785                      -9                       1             1.84057e-06
                -9.49122                 9.71785                      -3                       1             0.000706334
                -9.49122                 15.7179                     -15                       1             1.41371e-06
                -9.49122                 15.7179                      -9                       1             0.000575478
                -9.49122                 15.7179                      -3                       1             0.000344572
                -3.49122                  3.7178                     -15                       1              3.0687e-05
                -3.49122                  3.7178                      -9                       1              0.00218193
                -3.49122                  3.7178                      -3                       1             1.53928e-05
                -3.49122                 9.71785                     -15                       1             3.39145e-05
                -3.49122                 9.71785                      -9                       1             2.45018e-05
                -3.49122                 9.71785                      -3                       1              7.5495e-06
                -3.49122                 15.7179                     -15                       1             5.33738e-08
                -3.49122                 15.7179                      -9                       1              0.00055631
                -3.49122                 15.7179                      -3                       1             1.51588e-07
                -15.4912                  3.7178                       3                       1             3.83076e-07
                -15.4912                  3.7178                       9                       1             3.98254e-07
                -15.4912                  3.7178                      15                       1              0.00045562
                -15.4912                 9.71785                       3                       1             3.34477e-06
                -15.4912                 9.71785                       9                       1             5.53997e-05
                -15.4912                 9.71785                      15                       1             0.000107633
                -15.4912                 15.7179                       3                       1             0.000530951
                -15.4912                 15.7179                       9                       1             6.92803e-06
                -15.4912                 15.7179                      15                       1              0.00401624
                -9.49122                  3.7178                       3                       1             8.31028e-10
                -9.49122                  3.7178                       9                       1             3.39004e-06
                -9.49122                  3.7178                      15                       1             3.10554e-05
                -9.49122                 9.71785                       3                       1             2.43741e-05
                -9.49122                 9.71785                       9                       1             1.84057e-06
                -9.49122                 9.71785                      15                       1             0.000706334
                -9.49122                 15.7179                       3                       1             1.41371e-06
                -9.49122                 15.7179                       9                       1             0.000575478
                -9.49122                 15.7179                      15                       1             0.000344572
                -3.49122                  3.7178                       3                       1              3.0687e-05
                -3.49122                  3.7178                       9                       1              0.00218193
                -3.49122                  3.7178                      15                       1             1.53928e-05
                -3.49122                 9.71785                       3                       1             3.39145e-05
                -3.49122                 9.71785                       9                       1             2.45018e-05
                -3.49122                 9.71785                      15                       1              7.5495e-06
                -3.49122                 15.7179                       3                       1             5.33738e-08
                -3.49122                 15.7179                       9                       1              0.00055631
                -3.49122                 15.7179                      15                       1             1.51588e-07
                  2.5088                -14.2822                     -15                       1             3.83076e-07
                  2.5088                -14.2822                      -9                       1             3.98254e-07
                  2.5088                -14.2822                      -3                       1              0.00045562
                  2.5088                -8.28215                     -15                       1             3.34477e-06
                  2.5088                -8.28215                      -9                       1             5.53997e-05
                  2.5088                -8.28215                      -3                       1             0.000107633
                  2.5088                -2.28215                     -15                       1             0.000530951
                  2.5088                -2.28215                      -9                       1             6.92803e-06
                  2.5088                -2.28215                      -3                       1              0.00401624
                 8.50878                -14.2822                     -15                       1             8.31028e-10
                 8.50878                -14.2822                      -9                       1             3.39004e-06
                 8.50878                -14.2822                      -3                       1             3.10554e-05
                 8.50878                -8.28215                     -15                       1             2.43741e-05
                 8.50878                -8.28215                      -9                       1             1.84057e-06
                 8.50878                -8.28215                      -3                       1             0.000706334
                 8.50878                -2.28215                     -15                       1             1.41371e-06
                 8.50878                -2.28215                      -9                       1             0.000575478
                 8.50878                -2.28215                      -3                       1             0.000344572
                 14.5088                -14.2822                     -15                       1              3.0687e-05
                 14.5088                -14.2822                      -9                       1              0.00218193
                 14.5088                -14.2822                      -3                       1             1.53928e-05
                 14.5088                -8.28215                     -15                       1             3.39145e-05
                 14.5088                -8.28215                      -9                       1             2.45018e-05
                 14.5088                -8.28215                      -3                       1              7.5495e-06
                 14.5088                -2.28215                     -15                       1             5.33738e-08
                 14.5088                -2.28215                      -9                       1              0.00055631
                 14.5088                -2.28215                      -3                       1             1.51588e-07
                  2.5088                -14.2822                       3                       1             3.83076e-07
                  2.5088                -14.2822                       9                       1             3.98254e-07
                  2.5088                -14.2822                      15                       1              0.00045562
                  2.5088                -8.28215                       3                       1             3.34477e-06
                  2.5088                -8.28215                       9                       1             5.53997e-05
                  2.5088                -8.28215                      15                       1             0.000107633
                  2.5088                -2.28215                       3                       1             0.000530951
                  2.5088                -2.28215                       9                       1             6.92803e-06
                  2.5088                -2.28215                      15                       1              0.00401624
                 8.50878                -14.2822                       3                       1             8.31028e-10
                 8.50878                -14.2822                       9                       1             3.39004e-06
                 8.50878                -14.2822                      15                       1             3.10554e-05
                 8.50878                -8.28215                       3                       1             2.43741e-05
                 8.50878                -8.28215                       9                       1             1.84057e-06
                 8.50878                -8.28215                      15                       1             0.000706334
                 8.50878                -2.28215                       3                       1             1.41371e-06
                 8.50878                -2.28215                       9                       1             0.000575478
                 8.50878                -2.28215                      15                       1             0.000344572
                 14.5088                -14.2822                       3                       1              3.0687e-05
                 14.5088                -14.2822                       9                       1              0.00218193
                 14.5088                -14.2822                      15                       1             1.53928e-05
                 14.5088                -8.28215                       3                       1             3.39145e-05
                 14.5088                -8.28215                       9                       1             2.45018e-05
                 14.5088                -8.28215                      15                       1              7.5495e-06
                 14.5088                -2.28215                       3                       1             5.33738e-08
                 14.5088                -2.28215                       9                       1              0.00055631
                 14.5088                -2.28215                      15                       1             1.51588e-07
                  2.5088                  3.7178                     -15                       1             3.83076e-07
                  2.5088                  3.7178                      -9                       1             3.98254e-07
                  2.5088                  3.7178                      -3                       1              0.00045562
                  2.5088                 9.71785                     -15                       1             3.34477e-06
                  2.5088                 9.71785                      -9                       1             5.53997e-05
                  2.5088                 9.71785                      -3                       1             0.000107633
                  2.5088                 15.7179                     -15                       1             0.000530951
                  2.5088                 15.7179                      -9                       1             6.92803e-06
                  2.5088                 15.7179                      -3                       1              0.00401624
                 8.50878                  3.7178                     -15                       1             8.31028e-10
                 8.50878                  3.7178                      -9                       1             3.39004e-06
                 8.50878                  3.7178                      -3                       1             3.10554e-05
                 8.50878                 9.71785                     -15                       1             2.43741e-05
                 8.50878                 9.71785                      -9                       1             1.84057e-06
                 8.50878                 9.71785                      -3                       1             0.000706334
                 8.50878                 15.7179                     -15                       1             1.41371e-06
                 8.50878                 15.7179                      -9                       1             0.000575478
                 8.50878                 15.7179                      -3                       1             0.000344572
                 14.5088                  3.7178                     -15                       1              3.0687e-05
                 14.5088                  3.7178                      -9                       1              0.00218193
                 14.5088                  3.7178                      -3                       1             1.53928e-05
                 14.5088                 9.71785                     -15                       1             3.39145e-05
                 14.5088                 9.71785                      -9                       1             2.45018e-05
                 14.5088                 9.71785                      -3                       1              7.5495e-06
                 14.5088                 15.7179                     -15                       1             5.33738e-08
                 14.5088                 15.7179                      -9                       1              0.00055631
                 14.5088                 15.7179                      -3                       1             1.51588e-07
                  2.5088                  3.7178                       3                       1             3.83076e-07
                  2.5088                  3.7178                       9                       1             3.98254e-07
                  2.5088                  3.7178                      15                       1              0.00045562
                  2.5088                 9.71785                       3                       1             3.34477e-06
                  2.5088                 9.71785                       9                       1             5.53997e-05
                  2.5088                 9.71785                      15                       1             0.000107633
                  2.5088                 15.7179                       3                       1             0.000530951
                  2.5088                 15.7179                       9                       1             6.92803e-06
                  2.5088                 15.7179                      15                       1              0.00401624
                 8.50878                  3.7178                       3                       1             8.31028e-10
                 8.50878                  3.7178                       9                       1             3.39004e-06
                 8.50878                  3.7178                      15                       1             3.10554e-05
                 8.50878                 9.71785                       3                       1             2.43741e-05
                 8.50878                 9.71785                       9                       1             1.84057e-06
                 8.50878                 9.71785                      15                       1             0.000706334
                 8.50878                 15.7179                       3                       1             1.41371e-06
                 8.50878                 15.7179                       9                       1             0.000575478
                 8.50878                 15.7179                      15                       1             0.000344572
                 14.5088                  3.7178                       3                       1              3.0687e-05
                 14.5088                  3.7178                       9                       1              0.00218193
                 14.5088                  3.7178                      15                       1             1.53928e-05
                 14.5088                 9.71785                       3                       1             3.39145e-05
                 14.5088                 9.71785                       9                       1             2.45018e-05
                 14.5088                 9.71785                      15                       1              7.5495e-06
                 14.5088                 15.7179                       3                       1             5.33738e-08
                 14.5088                 15.7179                       9                       1              0.00055631
                 14.5088                 15.7179                      15                       1             1.51588e-07
