                -15.4912                -14.2822                     -15                       0             1.60703e-05
                -15.4912                -14.2822                      -9                       0             0.000354187
                -15.4912                -14.2822                      -3                       0              2.8665e-05
                -15.4912                -8.28215                     -15                       0             2.92006e-05
                -15.4912                -8.28215                      -9                       0             0.000153243
                -15.4912                -8.28215                      -3                       0               0.0863433
                -15.4912                -2.28215                     -15                       0              0.00134273
                -15.4912                -2.28215                      -9                       0             1.57142e-05
                -15.4912                -2.28215                      -3                       0             1.82429e-06
                -9.49122                -14.2822                     -15                       0             6.88667e-07
                -9.49122                -14.2822                      -9                       0             1.27418e-06
                -9.49122                -14.2822                      -3                       0             1.04014e-08
                -9.49122                -8.28215                     -15                       0             8.05559e-07
                -9.49122                -8.28215                      -9                       0             1.25017e-05
                -9.49122                -8.28215                      -3                       0             1.91569e-05
                -9.49122                -2.28215                     -15                       0             0.000111425
                -9.49122                -2.28215                      -9                       0              0.00585009
                -9.49122                -2.28215                      -3                       0             7.11488e-06
                -3.49122                -14.2822                     -15                       0              0.00275326
                -3.49122                -14.2822                      -9                       0             8.32427e-06
                -3.49122                -14.2822                      -3                       0             1.57097e-07
                -3.49122                -8.28215                     -15                       0             4.15965e-06
                -3.49122                -8.28215                      -9                       0               0.0162963
                -3.49122                -8.28215                      -3                       0             5.31022e-06
                -3.49122                -2.28215                     -15                       0             2.45872e-06
                -3.49122                -2.28215                      -9                       0             5.67595e-07
                -3.49122                -2.28215                      -3                       0              0.00186365
                -15.4912                -14.2822                       3                       0             1.60703e-05
                -15.4912                -14.2822                       9                       0             0.000354187
                -15.4912                -14.2822                      15                       0              2.8665e-05
                -15.4912                -8.28215                       3                       0             2.92006e-05
                -15.4912                -8.28215                       9                       0             0.000153243
                -15.4912                -8.28215                      15                       0               0.0863433
                -15.4912                -2.28215                       3                       0              0.00134273
                -15.4912                -2.28215                       9                       0             1.57142e-05
                -15.4912                -2.28215                      15                       0             1.82429e-06
                -9.49122                -14.2822                       3                       0             6.88667e-07
                -9.49122                -14.2822                       9                       0             1.27418e-06
                -9.49122                -14.2822                      15                       0             1.04014e-08
                -9.49122                -8.28215                       3                       0             8.05559e-07
                -9.49122                -8.28215                       9                       0             1.25017e-05
                -9.49122                -8.28215                      15                       0             1.91569e-05
                -9.49122                -2.28215                       3                       0             0.000111425
                -9.49122                -2.28215                       9                       0              0.00585009
                -9.49122                -2.28215                      15                       0             7.11488e-06
                -3.49122                -14.2822                       3                       0              0.00275326
                -3.49122                -14.2822                       9                       0             8.32427e-06
                -3.49122                -14.2822                      15                       0             1.57097e-07
                -3.49122                -8.28215                       3                       0             4.15965e-06
                -3.49122                -8.28215                       9                       0               0.0162963
                -3.49122                -8.28215                      15                       0             5.31022e-06
                -3.49122                -2.28215                       3                       0             2.45872e-06
                -3.49122                -2.28215                       9                       0             5.67595e-07
                -3.49122                -2.28215                      15                       0              0.00186365
                -15.4912                  3.7178                     -15                       0             1.60703e-05
                -15.4912                  3.7178                      -9                       0             0.000354187
                -15.4912                  3.7178                      -3                       0              2.8665e-05
                -15.4912                 9.71785                     -15                       0             2.92006e-05
                -15.4912                 9.71785                      -9                       0             0.000153243
                -15.4912                 9.71785                      -3                       0               0.0863433
                -15.4912                 15.7179                     -15                       0              0.00134273
                -15.4912                 15.7179                      -9                       0             1.57142e-05
                -15.4912                 15.7179                      -3                       0             1.82429e-06
                -9.49122                  3.7178                     -15                       0             6.88667e-07
                -9.49122                  3.7178                      -9                       0             1.27418e-06
                -9.49122                  3.7178                      -3                       0             1.04014e-08
                -9.49122                 9.71785                     -15                       0             8.05559e-07
                -9.49122                 9.71785                      -9                       0             1.25017e-05
                -9.49122                 9.71785                      -3                       0             1.91569e-05
                -9.49122                 15.7179                     -15                       0             0.000111425
                -9.49122                 15.7179                      -9                       0              0.00585009
                -9.49122                 15.7179                      -3                       0             7.11488e-06
                -3.49122                  3.7178                     -15                       0              0.00275326
                -3.49122                  3.7178                      -9                       0             8.32427e-06
                -3.49122                  3.7178                      -3                       0             1.57097e-07
                -3.49122                 9.71785                     -15                       0             4.15965e-06
                -3.49122                 9.71785                      -9                       0               0.0162963
                -3.49122                 9.71785                      -3                       0             5.31022e-06
                -3.49122                 15.7179                     -15                       0             2.45872e-06
                -3.49122                 15.7179                      -9                       0             5.67595e-07
                -3.49122                 15.7179                      -3                       0              0.00186365
                -15.4912                  3.7178                       3                       0             1.60703e-05
                -15.4912                  3.7178                       9                       0             0.000354187
                -15.4912                  3.7178                      15                       0              2.8665e-05
                -15.4912                 9.71785                       3                       0             2.92006e-05
                -15.4912                 9.71785                       9                       0             0.000153243
                -15.4912                 9.71785                      15                       0               0.0863433
                -15.4912                 15.7179                       3                       0              0.00134273
                -15.4912                 15.7179                       9                       0             1.57142e-05
                -15.4912                 15.7179                      15                       0             1.82429e-06
                -9.49122                  3.7178                       3                       0             6.88667e-07
                -9.49122                  3.7178                       9                       0             1.27418e-06
                -9.49122                  3.7178                      15                       0             1.04014e-08
                -9.49122                 9.71785                       3                       0             8.05559e-07
                -9.49122                 9.71785                       9                       0             1.25017e-05
                -9.49122                 9.71785                      15                       0             1.91569e-05
                -9.49122                 15.7179                       3                       0             0.000111425
                -9.49122                 15.7179                       9                       0              0.00585009
                -9.49122                 15.7179                      15                       0             7.11488e-06
                -3.49122                  3.7178                       3                       0              0.00275326
                -3.49122                  3.7178                       9                       0             8.32427e-06
                -3.49122                  3.7178                      15                       0             1.57097e-07
                -3.49122                 9.71785                       3                       0             4.15965e-06
                -3.49122                 9.71785                       9                       0               0.0162963
                -3.49122                 9.71785                      15                       0             5.31022e-06
                -3.49122                 15.7179                       3                       0             2.45872e-06
                -3.49122                 15.7179                       9                       0             5.67595e-07
                -3.49122                 15.7179                      15                       0              0.00186365
                  2.5088                -14.2822                     -15                       0             1.60703e-05
                  2.5088                -14.2822                      -9                       0             0.000354187
                  2.5088                -14.2822                      -3                       0              2.8665e-05
                  2.5088                -8.28215                     -15                       0             2.92006e-05
                  2.5088                -8.28215                      -9                       0             0.000153243
                  2.5088                -8.28215                      -3                       0               0.0863433
                  2.5088                -2.28215                     -15                       0              0.00134273
                  2.5088                -2.28215                      -9                       0             1.57142e-05
                  2.5088                -2.28215                      -3                       0             1.82429e-06
                 8.50878                -14.2822                     -15                       0             6.88667e-07
                 8.50878                -14.2822                      -9                       0             1.27418e-06
                 8.50878                -14.2822                      -3                       0             1.04014e-08
                 8.50878                -8.28215                     -15                       0             8.05559e-07
                 8.50878                -8.28215                      -9                       0             1.25017e-05
                 8.50878                -8.28215                      -3                       0             1.91569e-05
                 8.50878                -2.28215                     -15                       0             0.000111425
                 8.50878                -2.28215                      -9                       0              0.00585009
                 8.50878                -2.28215                      -3                       0             7.11488e-06
                 14.5088                -14.2822                     -15                       0              0.00275326
                 14.5088                -14.2822                      -9                       0             8.32427e-06
                 14.5088                -14.2822                      -3                       0             1.57097e-07
                 14.5088                -8.28215                     -15                       0             4.15965e-06
                 14.5088                -8.28215                      -9                       0               0.0162963
                 14.5088                -8.28215                      -3                       0             5.31022e-06
                 14.5088                -2.28215                     -15                       0             2.45872e-06
                 14.5088                -2.28215                      -9                       0             5.67595e-07
                 14.5088                -2.28215                      -3                       0              0.00186365
                  2.5088                -14.2822                       3                       0             1.60703e-05
                  2.5088                -14.2822                       9                       0             0.000354187
                  2.5088                -14.2822                      15                       0              2.8665e-05
                  2.5088                -8.28215                       3                       0             2.92006e-05
                  2.5088                -8.28215                       9                       0             0.000153243
                  2.5088                -8.28215                      15                       0               0.0863433
                  2.5088                -2.28215                       3                       0              0.00134273
                  2.5088                -2.28215                       9                       0             1.57142e-05
                  2.5088                -2.28215                      15                       0             1.82429e-06
                 8.50878                -14.2822                       3                       0             6.88667e-07
                 8.50878                -14.2822                       9                       0             1.27418e-06
                 8.50878                -14.2822                      15                       0             1.04014e-08
                 8.50878                -8.28215                       3                       0             8.05559e-07
                 8.50878                -8.28215                       9                       0             1.25017e-05
                 8.50878                -8.28215                      15                       0             1.91569e-05
                 8.50878                -2.28215                       3                       0             0.000111425
                 8.50878                -2.28215                       9                       0              0.00585009
                 8.50878                -2.28215                      15                       0             7.11488e-06
                 14.5088                -14.2822                       3                       0              0.00275326
                 14.5088                -14.2822                       9                       0             8.32427e-06
                 14.5088                -14.2822                      15                       0             1.57097e-07
                 14.5088                -8.28215                       3                       0             4.15965e-06
                 14.5088                -8.28215                       9                       0               0.0162963
                 14.5088                -8.28215                      15                       0             5.31022e-06
                 14.5088                -2.28215                       3                       0             2.45872e-06
                 14.5088                -2.28215                       9                       0             5.67595e-07
                 14.5088                -2.28215                      15                       0              0.00186365
                  2.5088                  3.7178                     -15                       0             1.60703e-05
                  2.5088                  3.7178                      -9                       0             0.000354187
                  2.5088                  3.7178                      -3                       0              2.8665e-05
                  2.5088                 9.71785                     -15                       0             2.92006e-05
                  2.5088                 9.71785                      -9                       0             0.000153243
                  2.5088                 9.71785                      -3                       0               0.0863433
                  2.5088                 15.7179                     -15                       0              0.00134273
                  2.5088                 15.7179                      -9                       0             1.57142e-05
                  2.5088                 15.7179                      -3                       0             1.82429e-06
                 8.50878                  3.7178                     -15                       0             6.88667e-07
                 8.50878                  3.7178                      -9                       0             1.27418e-06
                 8.50878                  3.7178                      -3                       0             1.04014e-08
                 8.50878                 9.71785                     -15                       0             8.05559e-07
                 8.50878                 9.71785                      -9                       0             1.25017e-05
                 8.50878                 9.71785                      -3                       0             1.91569e-05
                 8.50878                 15.7179                     -15                       0             0.000111425
                 8.50878                 15.7179                      -9                       0              0.00585009
                 8.50878                 15.7179                      -3                       0             7.11488e-06
                 14.5088                  3.7178                     -15                       0              0.00275326
                 14.5088                  3.7178                      -9                       0             8.32427e-06
                 14.5088                  3.7178                      -3                       0             1.57097e-07
                 14.5088                 9.71785                     -15                       0             4.15965e-06
                 14.5088                 9.71785                      -9                       0               0.0162963
                 14.5088                 9.71785                      -3                       0             5.31022e-06
                 14.5088                 15.7179                     -15                       0             2.45872e-06
                 14.5088                 15.7179                      -9                       0             5.67595e-07
                 14.5088                 15.7179                      -3                       0              0.00186365
                  2.5088                  3.7178                       3                       0             1.60703e-05
                  2.5088                  3.7178                       9                       0             0.000354187
                  2.5088                  3.7178                      15                       0              2.8665e-05
                  2.5088                 9.71785                       3                       0             2.92006e-05
                  2.5088                 9.71785                       9                       0             0.000153243
                  2.5088                 9.71785                      15                       0               0.0863433
                  2.5088                 15.7179                       3                       0              0.00134273
                  2.5088                 15.7179                       9                       0             1.57142e-05
                  2.5088                 15.7179                      15                       0             1.82429e-06
                 8.50878                  3.7178                       3                       0             6.88667e-07
                 8.50878                  3.7178                       9                       0             1.27418e-06
                 8.50878                  3.7178                      15                       0             1.04014e-08
                 8.50878                 9.71785                       3                       0             8.05559e-07
                 8.50878                 9.71785                       9                       0             1.25017e-05
                 8.50878                 9.71785                      15                       0             1.91569e-05
                 8.50878                 15.7179                       3                       0             0.000111425
                 8.50878                 15.7179                       9                       0              0.00585009
                 8.50878                 15.7179                      15                       0             7.11488e-06
                 14.5088                  3.7178                       3                       0              0.00275326
                 14.5088                  3.7178                       9                       0             8.32427e-06
                 14.5088                  3.7178                      15                       0             1.57097e-07
                 14.5088                 9.71785                       3                       0             4.15965e-06
                 14.5088                 9.71785                       9                       0               0.0162963
                 14.5088                 9.71785                      15                       0             5.31022e-06
                 14.5088                 15.7179                       3                       0             2.45872e-06
                 14.5088                 15.7179                       9                       0             5.67595e-07
                 14.5088                 15.7179                      15                       0              0.00186365
                -15.4912                -14.2822                     -15                       1             3.84722e-07
                -15.4912                -14.2822                      -9                       1             3.92278e-07
                -15.4912                -14.2822                      -3                       1             0.000449311
                -15.4912                -8.28215                     -15                       1             3.34378e-06
                -15.4912                -8.28215                      -9                       1             5.56627e-05
                -15.4912                -8.28215                      -3                       1             0.000107291
                -15.4912                -2.28215                     -15                       1             0.000536125
                -15.4912                -2.28215                      -9                       1             7.00231e-06
                -15.4912                -2.28215                      -3                       1              0.00409018
                -9.49122                -14.2822                     -15                       1              8.3325e-10
                -9.49122                -14.2822                      -9                       1             3.36653e-06
                -9.49122                -14.2822                      -3                       1             3.07061e-05
                -9.49122                -8.28215                     -15                       1             2.43709e-05
                -9.49122                -8.28215                      -9                       1             1.84412e-06
                -9.49122                -8.28215                      -3                       1             0.000704193
                -9.49122                -2.28215                     -15                       1              1.4293e-06
                -9.49122                -2.28215                      -9                       1             0.000585514
                -9.49122                -2.28215                      -3                       1             0.000350795
                -3.49122                -14.2822                     -15                       1             3.04681e-05
                -3.49122                -14.2822                      -9                       1              0.00214664
                -3.49122                -14.2822                      -3                       1             1.52699e-05
                -3.49122                -8.28215                     -15                       1             3.40118e-05
                -3.49122                -8.28215                      -9                       1             2.46061e-05
                -3.49122                -8.28215                      -3                       1             7.53173e-06
                -3.49122                -2.28215                     -15                       1             5.35363e-08
                -3.49122                -2.28215                      -9                       1             0.000566115
                -3.49122                -2.28215                      -3                       1             1.54346e-07
                -15.4912                -14.2822                       3                       1             3.84722e-07
                -15.4912                -14.2822                       9                       1             3.92278e-07
                -15.4912                -14.2822                      15                       1             0.000449311
                -15.4912                -8.28215                       3                       1             3.34378e-06
                -15.4912                -8.28215                       9                       1             5.56627e-05
                -15.4912                -8.28215                      15                       1             0.000107291
                -15.4912                -2.28215                       3                       1             0.000536125
                -15.4912                -2.28215                       9                       1             7.00231e-06
                -15.4912                -2.28215                      15                       1              0.00409018
                -9.49122                -14.2822                       3                       1              8.3325e-10
                -9.49122                -14.2822                       9                       1             3.36653e-06
                -9.49122                -14.2822                      15                       1             3.07061e-05
                -9.49122                -8.28215                       3                       1             2.43709e-05
                -9.49122                -8.28215                       9                       1             1.84412e-06
                -9.49122                -8.28215                      15                       1             0.000704193
                -9.49122                -2.28215                       3                       1              1.4293e-06
                -9.49122                -2.28215                       9                       1             0.000585514
                -9.49122                -2.28215                      15                       1             0.000350795
                -3.49122                -14.2822                       3                       1             3.04681e-05
                -3.49122                -14.2822                       9                       1              0.00214664
                -3.49122                -14.2822                      15                       1             1.52699e-05
                -3.49122                -8.28215                       3                       1             3.40118e-05
                -3.49122                -8.28215                       9                       1             2.46061e-05
                -3.49122                -8.28215                      15                       1             7.53173e-06
                -3.49122                -2.28215                       3                       1             5.35363e-08
                -3.49122                -2.28215                       9                       1             0.000566115
                -3.49122                -2.28215                      15                       1             1.54346e-07
                -15.4912                  3.7178                     -15                       1             3.84722e-07
                -15.4912                  3.7178                      -9                       1             3.92278e-07
                -15.4912                  3.7178                      -3                       1             0.000449311
                -15.4912                 9.71785                     -15                       1             3.34378e-06
                -15.4912                 9.71785                      -9                       1             5.56627e-05
                -15.4912                 9.71785                      -3                       1             0.000107291
                -15.4912                 15.7179                     -15                       1             0.000536125
                -15.4912                 15.7179                      -9                       1             7.00231e-06
                -15.4912                 15.7179                      -3                       1              0.00409018
                -9.49122                  3.7178                     -15                       1              8.3325e-10
                -9.49122                  3.7178                      -9                       1             3.36653e-06
                -9.49122                  3.7178                      -3                       1             3.07061e-05
                -9.49122                 9.71785                     -15                       1             2.43709e-05
                -9.49122                 9.71785                      -9                       1             1.84412e-06
                -9.49122                 9.71785                      -3                       1             0.000704193
                -9.49122                 15.7179                     -15                       1              1.4293e-06
                -9.49122                 15.7179                      -9                       1             0.000585514
                -9.49122                 15.7179                      -3                       1             0.000350795
                -3.49122                  3.7178                     -15                       1             3.04681e-05
                -3.49122                  3.7178                      -9                       1              0.00214664
                -3.49122                  3.7178                      -3                       1             1.52699e-05
                -3.49122                 9.71785                     -15                       1             3.40118e-05
                -3.49122                 9.71785                      -9                       1             2.46061e-05
                -3.49122                 9.71785                      -3                       1             7.53173e-06
                -3.49122                 15.7179                     -15                       1             5.35363e-08
                -3.49122                 15.7179                      -9                       1             0.000566115
                -3.49122                 15.7179                      -3                       1             1.54346e-07
                -15.4912                  3.7178                       3                       1             3.84722e-07
                -15.4912                  3.7178                       9                       1             3.92278e-07
                -15.4912                  3.7178                      15                       1             0.000449311
                -15.4912                 9.71785                       3                       1             3.34378e-06
                -15.4912                 9.71785                       9                       1             5.56627e-05
                -15.4912                 9.71785                      15                       1             0.000107291
                -15.4912                 15.7179                       3                       1             0.000536125
                -15.4912                 15.7179                       9                       1             7.00231e-06
                -15.4912                 15.7179                      15                       1              0.00409018
                -9.49122                  3.7178                       3                       1              8.3325e-10
                -9.49122                  3.7178                       9                       1             3.36653e-06
                -9.49122                  3.7178                      15                       1             3.07061e-05
                -9.49122                 9.71785                       3                       1             2.43709e-05
                -9.49122                 9.71785                       9                       1             1.84412e-06
                -9.49122                 9.71785                      15                       1             0.000704193
                -9.49122                 15.7179                       3                       1              1.4293e-06
                -9.49122                 15.7179                       9                       1             0.000585514
                -9.49122                 15.7179                      15                       1             0.000350795
                -3.49122                  3.7178                       3                       1             3.04681e-05
                -3.49122                  3.7178                       9                       1              0.00214664
                -3.49122                  3.7178                      15                       1             1.52699e-05
                -3.49122                 9.71785                       3                       1             3.40118e-05
                -3.49122                 9.71785                       9                       1             2.46061e-05
                -3.49122                 9.71785                      15                       1             7.53173e-06
                -3.49122                 15.7179                       3                       1             5.35363e-08
                -3.49122                 15.7179                       9                       1             0.000566115
                -3.49122                 15.7179                      15                       1             1.54346e-07
                  2.5088                -14.2822                     -15                       1             3.84722e-07
                  2.5088                -14.2822                      -9                       1             3.92278e-07
                  2.5088                -14.2822                      -3                       1             0.000449311
                  2.5088                -8.28215                     -15                       1             3.34378e-06
                  2.5088                -8.28215                      -9                       1             5.56627e-05
                  2.5088                -8.28215                      -3                       1             0.000107291
                  2.5088                -2.28215                     -15                       1             0.000536125
                  2.5088                -2.28215                      -9                       1             7.00231e-06
                  2.5088                -2.28215                      -3                       1              0.00409018
                 8.50878                -14.2822                     -15                       1              8.3325e-10
                 8.50878                -14.2822                      -9                       1             3.36653e-06
                 8.50878                -14.2822                      -3                       1             3.07061e-05
                 8.50878                -8.28215                     -15                       1             2.43709e-05
                 8.50878                -8.28215                      -9                       1             1.84412e-06
                 8.50878                -8.28215                      -3                       1             0.000704193
                 8.50878                -2.28215                     -15                       1              1.4293e-06
                 8.50878                -2.28215                      -9                       1             0.000585514
                 8.50878                -2.28215                      -3                       1             0.000350795
                 14.5088                -14.2822                     -15                       1             3.04681e-05
                 14.5088                -14.2822                      -9                       1              0.00214664
                 14.5088                -14.2822                      -3                       1             1.52699e-05
                 14.5088                -8.28215                     -15                       1             3.40118e-05
                 14.5088                -8.28215                      -9                       1             2.46061e-05
                 14.5088                -8.28215                      -3                       1             7.53173e-06
                 14.5088                -2.28215                     -15                       1             5.35363e-08
                 14.5088                -2.28215                      -9                       1             0.000566115
                 14.5088                -2.28215                      -3                       1             1.54346e-07
                  2.5088                -14.2822                       3                       1             3.84722e-07
                  2.5088                -14.2822                       9                       1             3.92278e-07
                  2.5088                -14.2822                      15                       1             0.000449311
                  2.5088                -8.28215                       3                       1             3.34378e-06
                  2.5088                -8.28215                       9                       1             5.56627e-05
                  2.5088                -8.28215                      15                       1             0.000107291
                  2.5088                -2.28215                       3                       1             0.000536125
                  2.5088                -2.28215                       9                       1             7.00231e-06
                  2.5088                -2.28215                      15                       1              0.00409018
                 8.50878                -14.2822                       3                       1              8.3325e-10
                 8.50878                -14.2822                       9                       1             3.36653e-06
                 8.50878                -14.2822                      15                       1             3.07061e-05
                 8.50878                -8.28215                       3                       1             2.43709e-05
                 8.50878                -8.28215                       9                       1             1.84412e-06
                 8.50878                -8.28215                      15                       1             0.000704193
                 8.50878                -2.28215                       3                       1              1.4293e-06
                 8.50878                -2.28215                       9                       1             0.000585514
                 8.50878                -2.28215                      15                       1             0.000350795
                 14.5088                -14.2822                       3                       1             3.04681e-05
                 14.5088                -14.2822                       9                       1              0.00214664
                 14.5088                -14.2822                      15                       1             1.52699e-05
                 14.5088                -8.28215                       3                       1             3.40118e-05
                 14.5088                -8.28215                       9                       1             2.46061e-05
                 14.5088                -8.28215                      15                       1             7.53173e-06
                 14.5088                -2.28215                       3                       1             5.35363e-08
                 14.5088                -2.28215                       9                       1             0.000566115
                 14.5088                -2.28215                      15                       1             1.54346e-07
                  2.5088                  3.7178                     -15                       1             3.84722e-07
                  2.5088                  3.7178                      -9                       1             3.92278e-07
                  2.5088                  3.7178                      -3                       1             0.000449311
                  2.5088                 9.71785                     -15                       1             3.34378e-06
                  2.5088                 9.71785                      -9                       1             5.56627e-05
                  2.5088                 9.71785                      -3                       1             0.000107291
                  2.5088                 15.7179                     -15                       1             0.000536125
                  2.5088                 15.7179                      -9                       1             7.00231e-06
                  2.5088                 15.7179                      -3                       1              0.00409018
                 8.50878                  3.7178                     -15                       1              8.3325e-10
                 8.50878                  3.7178                      -9                       1             3.36653e-06
                 8.50878                  3.7178                      -3                       1             3.07061e-05
                 8.50878                 9.71785                     -15                       1             2.43709e-05
                 8.50878                 9.71785                      -9                       1             1.84412e-06
                 8.50878                 9.71785                      -3                       1             0.000704193
                 8.50878                 15.7179                     -15                       1              1.4293e-06
                 8.50878                 15.7179                      -9                       1             0.000585514
                 8.50878                 15.7179                      -3                       1             0.000350795
                 14.5088                  3.7178                     -15                       1             3.04681e-05
                 14.5088                  3.7178                      -9                       1              0.00214664
                 14.5088                  3.7178                      -3                       1             1.52699e-05
                 14.5088                 9.71785                     -15                       1             3.40118e-05
                 14.5088                 9.71785                      -9                       1             2.46061e-05
                 14.5088                 9.71785                      -3                       1             7.53173e-06
                 14.5088                 15.7179                     -15                       1             5.35363e-08
                 14.5088                 15.7179                      -9                       1             0.000566115
                 14.5088                 15.7179                      -3                       1             1.54346e-07
                  2.5088                  3.7178                       3                       1             3.84722e-07
                  2.5088                  3.7178                       9                       1             3.92278e-07
                  2.5088                  3.7178                      15                       1             0.000449311
                  2.5088                 9.71785                       3                       1             3.34378e-06
                  2.5088                 9.71785                       9                       1             5.56627e-05
                  2.5088                 9.71785                      15                       1             0.000107291
                  2.5088                 15.7179                       3                       1             0.000536125
                  2.5088                 15.7179                       9                       1             7.00231e-06
                  2.5088                 15.7179                      15                       1              0.00409018
                 8.50878                  3.7178                       3                       1              8.3325e-10
                 8.50878                  3.7178                       9                       1             3.36653e-06
                 8.50878                  3.7178                      15                       1             3.07061e-05
                 8.50878                 9.71785                       3                       1             2.43709e-05
                 8.50878                 9.71785                       9                       1             1.84412e-06
                 8.50878                 9.71785                      15                       1             0.000704193
                 8.50878                 15.7179                       3                       1              1.4293e-06
                 8.50878                 15.7179                       9                       1             0.000585514
                 8.50878                 15.7179                      15                       1             0.000350795
                 14.5088                  3.7178                       3                       1             3.04681e-05
                 14.5088                  3.7178                       9                       1              0.00214664
                 14.5088                  3.7178                      15                       1             1.52699e-05
                 14.5088                 9.71785                       3                       1             3.40118e-05
                 14.5088                 9.71785                       9                       1             2.46061e-05
                 14.5088                 9.71785                      15                       1             7.53173e-06
                 14.5088                 15.7179                       3                       1             5.35363e-08
                 14.5088                 15.7179                       9                       1             0.000566115
                 14.5088                 15.7179                      15                       1             1.54346e-07
